Title: HAT-P-32 T35 Light Curve on 2019-11-03
Authors: Basturk et al. (2021)
Table:
================================================================================
Byte-by-byte Description of file: hatp32_20191103_T35.txt
--------------------------------------------------------------------------------
   Bytes Format Units Label    Explanations
--------------------------------------------------------------------------------
   1- 14 F14.6  d       BJD-TDB  Barycentric Dynamical Time in Julian Days
  16- 23 F8.6   ---     Flux     Normalized Flux
  25- 32 F8.6   ---     FluxErr  Error in Normalized Flux Units
--------------------------------------------------------------------------------
Note (1):   Passband: Bessel-R
Note (2):   ***OR REMOVE THIS SECTION***
--------------------------------------------------------------------------------
2458791.204031 0.995668 0.003068 
2458791.205223 1.001656 0.003047 
2458791.206415 0.995557 0.003009 
2458791.207607 1.002892 0.003010 
2458791.208788 1.003984 0.002996 
2458791.209980 1.002620 0.002984 
2458791.212353 0.997955 0.003017 
2458791.213533 0.998493 0.002970 
2458791.214726 1.001946 0.002958 
2458791.215918 1.000403 0.002991 
2458791.217110 1.000495 0.002954 
2458791.218302 1.005199 0.002964 
2458791.219494 0.997120 0.002934 
2458791.220675 0.998930 0.002921 
2458791.221867 1.001999 0.002937 
2458791.223047 0.996676 0.002908 
2458791.224228 0.999820 0.002919 
2458791.225420 1.003116 0.002908 
2458791.226612 1.000738 0.002904 
2458791.227793 0.994741 0.002886 
2458791.228985 0.999569 0.002893 
2458791.230165 0.998879 0.002876 
2458791.231358 1.002043 0.002864 
2458791.232538 1.000836 0.002886 
2458791.233730 1.003542 0.002832 
2458791.234911 1.000229 0.002815 
2458791.236103 1.001559 0.002829 
2458791.237284 0.997129 0.002816 
2458791.238476 1.001580 0.002800 
2458791.239668 0.997793 0.002794 
2458791.240860 0.994495 0.002781 
2458791.242052 1.000581 0.002809 
2458791.243233 1.003771 0.002787 
2458791.244425 1.002904 0.002754 
2458791.245605 0.998148 0.002760 
2458791.246798 1.000581 0.002753 
2458791.247990 0.994965 0.002746 
2458791.249182 0.996499 0.002761 
2458791.250374 0.999867 0.002743 
2458791.251554 1.000967 0.002761 
2458791.252747 0.998760 0.002775 
2458791.253927 1.004264 0.002830 
2458791.255119 1.003503 0.002758 
2458791.256300 1.001965 0.002730 
2458791.257492 1.001395 0.002752 
2458791.258684 0.998096 0.002699 
2458791.259865 0.998621 0.002734 
2458791.261045 0.999475 0.002724 
2458791.310756 0.997316 0.002620 
2458791.311948 0.997740 0.002577 
2458791.313800 1.000771 0.002515 
2458791.314992 1.002225 0.002520 
2458791.316185 1.002479 0.002503 
2458791.317365 0.996503 0.002513 
2458791.318557 1.000906 0.002540 
2458791.319738 1.000002 0.002463 
2458791.320930 1.001244 0.002474 
2458791.322122 0.999318 0.002496 
2458791.323303 0.997646 0.002490 
2458791.324495 0.999380 0.002472 
2458791.325675 1.002085 0.002472 
2458791.326868 0.996833 0.002471 
2458791.328048 1.005970 0.002489 
2458791.329240 0.999165 0.002492 
2458791.330421 1.002836 0.002475 
2458791.331613 0.998757 0.002471 
2458791.332805 0.998501 0.002464 
2458791.333986 1.000736 0.002481 
2458791.335178 0.998944 0.002453 
2458791.336370 1.000636 0.002474 
2458791.337550 0.999168 0.002478 
2458791.338754 1.002286 0.002527 
2458791.339935 0.998580 0.002520 
2458791.341127 0.999900 0.002513 
2458791.342319 0.999502 0.002461 
2458791.343511 0.996830 0.002443 
2458791.344692 0.998588 0.002448 
2458791.345884 0.996974 0.002425 
2458791.347064 0.999187 0.002428 
2458791.348245 1.000604 0.002421 
2458791.349437 0.999310 0.002426 
2458791.350618 1.002848 0.002436 
2458791.356115 0.996705 0.002436 
2458791.357296 0.992284 0.002425 
2458791.358488 0.993665 0.002549 
2458791.359680 0.989191 0.002654 
2458791.360861 0.986486 0.002553 
2458791.362053 0.985223 0.002563 
2458791.363233 0.984243 0.002596 
2458791.364426 0.985805 0.002518 
2458791.365618 0.979729 0.002459 
2458791.366798 0.976010 0.002373 
2458791.367990 0.982478 0.002382 
2458791.369171 0.978806 0.002349 
2458791.370352 0.976095 0.002334 
2458791.371544 0.976777 0.002351 
2458791.372736 0.976617 0.002331 
2458791.373916 0.977062 0.002346 
2458791.375109 0.974030 0.002324 
2458791.376301 0.975328 0.002363 
2458791.377481 0.976862 0.002330 
2458791.378673 0.969981 0.002313 
2458791.379854 0.977586 0.002330 
2458791.381046 0.977334 0.002314 
2458791.382238 0.971687 0.002312 
2458791.383430 0.975524 0.002329 
2458791.384611 0.978438 0.002324 
2458791.389611 0.971383 0.002297 
2458791.390803 0.971021 0.002315 
2458791.391984 0.971619 0.002302 
2458791.393176 0.972747 0.002317 
2458791.394356 0.973986 0.002286 
2458791.395549 0.974757 0.002302 
2458791.396729 0.971191 0.002289 
2458791.397921 0.973050 0.002288 
2458791.399102 0.976084 0.002301 
2458791.400294 0.973096 0.002285 
2458791.401486 0.969411 0.002275 
2458791.402667 0.975385 0.002279 
2458791.403847 0.971210 0.002287 
2458791.405039 0.977950 0.002375 
2458791.407076 0.971722 0.002268 
2458791.408257 0.970192 0.002274 
2458791.409449 0.972123 0.002290 
2458791.410641 0.971290 0.002281 
2458791.411822 0.971602 0.002283 
2458791.413014 0.969952 0.002298 
2458791.414912 0.974129 0.002288 
2458791.416093 0.975795 0.002374 
2458791.417285 0.974185 0.002274 
2458791.418477 0.974449 0.002257 
2458791.419669 0.972815 0.002261 
2458791.420850 0.973708 0.002254 
2458791.422042 0.972625 0.002260 
2458791.423222 0.974192 0.002281 
2458791.424414 0.968846 0.002310 
2458791.425595 0.970899 0.002274 
2458791.426787 0.976513 0.002291 
2458791.427979 0.967797 0.002261 
2458791.429171 0.972777 0.002302 
2458791.430352 0.974615 0.002297 
2458791.431544 0.974693 0.002285 
2458791.432725 0.975292 0.002292 
2458791.433917 0.970986 0.002285 
2458791.435109 0.970682 0.002289 
2458791.436290 0.976702 0.002316 
2458791.437482 0.974278 0.002291 
2458791.438662 0.971936 0.002295 
2458791.439854 0.971900 0.002298 
2458791.441047 0.975510 0.002317 
2458791.442227 0.975928 0.002309 
2458791.443419 0.975372 0.002302 
2458791.444611 0.973676 0.002309 
2458791.445792 0.971775 0.002300 
2458791.446984 0.976916 0.002343 
2458791.448176 0.974368 0.002317 
2458791.449357 0.976313 0.002324 
2458791.450549 0.976293 0.002325 
2458791.451741 0.977888 0.002342 
2458791.452922 0.975076 0.002323 
2458791.454114 0.979182 0.002348 
2458791.455306 0.974557 0.002374 
2458791.456486 0.977610 0.002330 
2458791.457679 0.975113 0.002312 
2458791.458859 0.975190 0.002322 
2458791.460051 0.980500 0.002328 
2458791.461232 0.978814 0.002339 
2458791.462424 0.981139 0.002347 
2458791.463616 0.978124 0.002342 
2458791.464797 0.984778 0.002356 
2458791.465989 0.984605 0.002356 
2458791.467181 0.988134 0.002386 
2458791.468373 0.988898 0.002390 
2458791.469554 0.990127 0.002415 
2458791.470746 0.993631 0.002433 
2458791.471938 0.992043 0.002376 
2458791.473130 0.993594 0.002384 
2458791.474311 0.994162 0.002393 
2458791.478917 1.000897 0.002411 
2458791.480098 1.001547 0.002405 
2458791.481290 1.000976 0.002423 
2458791.482482 1.002602 0.002410 
2458791.483663 1.002693 0.002467 
2458791.484866 1.000656 0.002459 
2458791.486047 1.003490 0.002475 
2458791.487239 0.999692 0.002434 
2458791.488420 1.000401 0.002498 
2458791.489612 0.997892 0.002617 
2458791.490804 0.998697 0.002802 
2458791.491984 0.998430 0.002817 
2458791.493176 0.998854 0.002647 
2458791.494369 1.000431 0.002489 
2458791.495549 1.000068 0.002476 
2458791.496741 1.003913 0.002566 
2458791.497922 1.003529 0.002547 
2458791.499114 1.000681 0.002562 
2458791.500306 1.001676 0.002576 
2458791.501487 1.005031 0.002651 
2458791.504311 0.995032 0.002683 
2458791.505503 0.998406 0.002887 
2458791.506695 0.998054 0.002914 
2458791.507887 1.002355 0.002823 
2458791.509068 0.994218 0.002625 
2458791.510260 0.997011 0.002524 
2458791.511452 0.996897 0.002546 
2458791.512633 0.998226 0.002586 
2458791.513825 1.001730 0.002615 
2458791.515017 0.999880 0.002691 
2458791.516197 1.004524 0.002670 
2458791.517390 0.998836 0.002687 
2458791.518570 1.002097 0.002688 
2458791.519762 1.001889 0.002566 
2458791.520954 0.999217 0.002534 
2458791.522135 1.001384 0.002542 
2458791.523316 0.996675 0.002517 
2458791.524508 1.002936 0.002548 
2458791.525700 0.998961 0.002556 
2458791.526892 1.000290 0.002553 
2458791.528073 0.999803 0.002559 
2458791.529265 1.002569 0.002564 
2458791.530445 0.997664 0.002543 
2458791.531637 0.996231 0.002546 
2458791.532830 1.002410 0.002587 
2458791.534010 0.994479 0.002587 
2458791.535202 1.005321 0.002583 
2458791.536394 1.001565 0.002638 
2458791.537586 1.001394 0.002596 
2458791.538767 1.002268 0.002604 
2458791.539959 0.999373 0.002616 
2458791.541140 0.999413 0.002734 
2458791.542332 0.995012 0.003070 
2458791.543524 0.997295 0.002952 
2458791.544705 0.994745 0.002819 
2458791.545897 1.000058 0.002617 
2458791.547089 1.001032 0.002648 
2458791.548269 1.003080 0.002644 
2458791.549462 1.000782 0.002646 
2458791.550642 0.999081 0.002653 
2458791.551834 0.999920 0.002673 
2458791.553026 1.002248 0.002670 
2458791.554219 0.997416 0.002684 
2458791.555399 0.999454 0.002683 
2458791.556591 0.998426 0.002670 
2458791.557783 0.999865 0.002704 
2458791.558976 0.995407 0.002724 
2458791.560168 1.006875 0.002713 
2458791.561348 1.002460 0.002734 
2458791.562540 0.998009 0.002712 
2458791.563721 1.001350 0.002719 
2458791.564913 1.000129 0.002751 
2458791.566105 0.999210 0.002723 
2458791.567297 1.002989 0.002754 
2458791.568478 0.999913 0.002782 
2458791.569670 0.999427 0.002795 
2458791.570851 0.997639 0.002788 
2458791.572043 0.997739 0.002816 
2458791.573235 0.999106 0.002826 
2458791.574427 0.999580 0.002831 
2458791.575608 1.000997 0.002840 
2458791.576800 1.001310 0.002854 
2458791.577980 1.002710 0.002893 
2458791.579172 0.998401 0.002887 
2458791.580365 1.003454 0.002900 
2458791.581545 1.000870 0.002890 
2458791.582737 0.995801 0.002900 
2458791.583918 1.004660 0.002932 
2458791.585110 0.999004 0.002946 
2458791.586291 0.997817 0.002981 
2458791.587483 0.999805 0.002984 
2458791.588675 0.997613 0.003014 
2458791.589855 0.997049 0.003002 
2458791.591047 1.002722 0.003021 
2458791.592240 0.999466 0.002991 
2458791.593432 1.005553 0.003031 
2458791.594612 0.995463 0.003018 
2458791.595804 0.998273 0.003066 
2458791.596997 1.003590 0.003077 
2458791.598189 1.000517 0.003097 
2458791.599369 1.003152 0.003070 
2458791.600561 0.996350 0.003079 
2458791.601754 0.997287 0.003108 
2458791.602934 1.002412 0.003104 
2458791.604126 1.001118 0.003167 
2458791.606499 1.000156 0.003159 
2458791.607691 0.998140 0.003158 
2458791.608872 1.000724 0.003180 
2458791.610064 1.000498 0.003212 
2458791.611256 1.001492 0.003284 
2458791.612437 0.999092 0.003317 
2458791.613629 1.000068 0.003317 
2458791.614821 0.999977 0.003353 
2458791.616013 0.999445 0.003369 
2458791.618386 0.998638 0.003330 
2458791.619566 1.000742 0.003372 
2458791.620758 1.002254 0.003376 
2458791.621939 1.000033 0.003417 
2458791.623131 0.998918 0.003473 
