Title: WASP-69 T100 Light Curve on 2016-10-09
Authors: Basturk et al. (2021)
Table:
================================================================================
Byte-by-byte Description of file: wasp69_20161009_T100.txt
--------------------------------------------------------------------------------
   Bytes Format Units Label    Explanations
--------------------------------------------------------------------------------
   1- 14 F14.6  d       BJD-TDB  Barycentric Dynamical Time in Julian Days
  16- 23 F8.6   ---     Flux     Normalized Flux
  25- 32 F8.6   ---     FluxErr  Error in Normalized Flux Units
--------------------------------------------------------------------------------
Note (1):   Passband: Bessel-R
Note (2):   ***OR REMOVE THIS SECTION***
--------------------------------------------------------------------------------
2457671.233360 0.999801 0.000919 
2457671.236893 0.999138 0.000916 
2457671.236893 0.999138 0.000916 
2457671.240044 1.001005 0.000915 
2457671.241724 1.000799 0.000911 
2457671.243405 0.999794 0.000915 
2457671.245084 0.998744 0.000917 
2457671.246762 1.000691 0.000932 
2457671.248437 1.001045 0.000940 
2457671.250113 1.000828 0.000939 
2457671.251790 0.999262 0.000927 
2457671.253469 0.999686 0.000931 
2457671.255149 0.998464 0.000917 
2457671.256830 0.997260 0.000927 
2457671.258512 0.994391 0.000912 
2457671.260189 0.995629 0.000907 
2457671.261867 0.994034 0.000913 
2457671.263544 0.990123 0.000909 
2457671.265224 0.990774 0.000907 
2457671.266902 0.987145 0.000914 
2457671.268581 0.987563 0.000928 
2457671.270259 0.984277 0.000932 
2457671.271940 0.984724 0.000937 
2457671.273617 0.984014 0.000932 
2457671.275293 0.983232 0.000933 
2457671.276971 0.980516 0.000924 
2457671.278647 0.985424 0.000941 
2457671.280326 0.980609 0.000935 
2457671.282004 0.982555 0.000939 
2457671.283682 0.981245 0.000954 
2457671.285366 0.983705 0.000966 
2457671.287039 0.980922 0.000962 
2457671.288719 0.980981 0.000954 
2457671.290392 0.982311 0.000960 
2457671.292069 0.982739 0.000961 
2457671.293742 0.979749 0.000953 
2457671.295422 0.980183 0.000945 
2457671.297097 0.982364 0.000946 
2457671.298778 0.980197 0.000936 
2457671.300457 0.982040 0.000942 
2457671.302137 0.981018 0.000932 
2457671.303813 0.980966 0.000920 
2457671.305491 0.981376 0.000925 
2457671.307168 0.982451 0.000928 
2457671.308847 0.981296 0.000926 
2457671.310521 0.982264 0.000928 
2457671.312199 0.980904 0.000939 
2457671.313875 0.983411 0.000942 
2457671.315559 0.983753 0.000946 
2457671.317234 0.980247 0.000946 
2457671.318910 0.983421 0.000945 
2457671.320588 0.983537 0.000944 
2457671.322265 0.984382 0.000949 
2457671.324384 0.983367 0.000948 
2457671.326061 0.984176 0.000948 
2457671.327739 0.985002 0.000955 
2457671.329412 0.986745 0.000958 
2457671.331093 0.992752 0.000970 
2457671.332772 0.989610 0.000966 
2457671.334446 0.992470 0.000965 
2457671.336125 0.993348 0.000973 
2457671.337804 0.994981 0.000966 
2457671.339485 0.997571 0.000977 
2457671.341164 0.999191 0.000982 
2457671.342845 1.000106 0.000984 
2457671.344524 0.998289 0.000977 
2457671.346199 0.998639 0.000974 
2457671.347875 1.001559 0.000971 
2457671.349554 1.001831 0.000977 
2457671.351235 0.997775 0.000974 
2457671.352909 0.999465 0.000966 
2457671.354592 1.003895 0.000976 
2457671.356271 0.999127 0.000968 
2457671.357952 0.999188 0.000964 
2457671.359629 0.999161 0.000956 
2457671.361316 0.999445 0.000949 
2457671.362995 1.000507 0.000957 
2457671.364678 1.000030 0.000943 
2457671.366356 0.999793 0.000940 
2457671.368038 1.000507 0.000938 
2457671.369719 0.999217 0.000941 
2457671.371394 1.001811 0.000934 
2457671.373070 0.999939 0.000918 
2457671.374745 0.999356 0.000909 
2457671.376424 0.999361 0.000895 
2457671.378104 0.999639 0.000882 
2457671.379786 1.002185 0.000872 
2457671.381473 1.000371 0.000851 
2457671.383157 1.001295 0.000837 
2457671.384838 0.998753 0.000817 
2457671.386525 1.000247 0.000795 
2457671.388206 1.001295 0.000780 
2457671.389897 0.996937 0.000755 
2457671.391585 1.000176 0.000672 
2457671.393283 0.999725 0.000620 
2457671.394972 1.000730 0.000611 
2457671.396662 1.000041 0.000599 
2457671.398353 1.000554 0.000590 
2457671.400047 0.998681 0.000578 
2457671.401740 1.000073 0.000570 
2457671.403430 0.998319 0.000564 
2457671.405122 1.001814 0.000564 
2457671.406810 1.000512 0.000558 
2457671.408499 1.000729 0.000557 
2457671.410189 0.999710 0.000554 
