Title: WASP-69 CAHA Light Curve on 2016-09-08
Authors: Basturk et al. (2021)
Table:
================================================================================
Byte-by-byte Description of file: wasp69_20160908_CAHA.txt
--------------------------------------------------------------------------------
   Bytes Format Units Label    Explanations
--------------------------------------------------------------------------------
   1- 14 F14.6  d       BJD-TDB  Barycentric Dynamical Time in Julian Days
  16- 23 F8.6   ---     Flux     Normalized Flux
  25- 32 F8.6   ---     FluxErr  Error in Normalized Flux Units
--------------------------------------------------------------------------------
Note (1):   Passband: Sloan-i'
Note (2):   ***OR REMOVE THIS SECTION***
--------------------------------------------------------------------------------
2457640.282582 1.000322 0.001069 
2457640.284210 0.998422 0.001047 
2457640.284708 0.999256 0.001092 
2457640.285691 0.998255 0.001033 
2457640.286183 1.003703 0.001009 
2457640.286676 0.999525 0.000970 
2457640.287169 0.999768 0.000961 
2457640.287663 0.997023 0.000953 
2457640.288152 0.998837 0.000943 
2457640.288645 1.002221 0.000938 
2457640.289139 0.998372 0.000921 
2457640.289640 1.001575 0.000916 
2457640.290153 0.996655 0.000906 
2457640.290654 1.000125 0.000903 
2457640.291153 1.000425 0.000899 
2457640.291653 0.999241 0.000901 
2457640.292154 0.999524 0.000891 
2457640.292654 0.999837 0.000889 
2457640.293155 1.000114 0.000891 
2457640.293657 1.001367 0.000893 
2457640.294160 0.999408 0.000894 
2457640.294662 1.001629 0.000888 
2457640.295164 0.999194 0.000879 
2457640.295671 0.997612 0.000879 
2457640.296175 1.000730 0.000880 
2457640.296680 0.996865 0.000879 
2457640.297185 1.002531 0.000880 
2457640.297690 1.001553 0.000880 
2457640.298200 0.999543 0.000877 
2457640.298705 0.997836 0.000867 
2457640.299208 0.997764 0.000866 
2457640.299711 0.999121 0.000864 
2457640.300722 1.000405 0.000866 
2457640.301229 0.999602 0.000873 
2457640.301736 1.001333 0.000866 
2457640.302245 1.000041 0.000862 
2457640.302753 0.999680 0.000861 
2457640.303261 0.998179 0.000858 
2457640.303770 0.999433 0.000860 
2457640.304282 0.999977 0.000856 
2457640.304784 1.001603 0.000860 
2457640.305297 0.997390 0.000856 
2457640.305805 0.999911 0.000863 
2457640.306315 0.997980 0.000853 
2457640.306824 1.003123 0.000857 
2457640.307334 0.999251 0.000852 
2457640.307846 0.996296 0.000852 
2457640.308357 0.999139 0.000852 
2457640.308869 0.997422 0.000849 
2457640.309380 1.001214 0.000853 
2457640.309893 0.998884 0.000853 
2457640.310407 0.997639 0.000849 
2457640.310922 0.998405 0.000850 
2457640.311444 0.996654 0.000843 
2457640.312003 0.995907 0.000842 
2457640.312523 0.995825 0.000847 
2457640.313038 0.993126 0.000839 
2457640.313553 0.996108 0.000845 
2457640.314069 0.994040 0.000846 
2457640.314585 0.995504 0.000841 
2457640.315102 0.995949 0.000842 
2457640.315621 0.993175 0.000845 
2457640.316138 0.994188 0.000839 
2457640.316657 0.989372 0.000842 
2457640.317175 0.994065 0.000838 
2457640.317696 0.989700 0.000833 
2457640.318216 0.989501 0.000839 
2457640.318735 0.989831 0.000837 
2457640.319256 0.991811 0.000839 
2457640.319778 0.989489 0.000841 
2457640.320382 0.984975 0.000845 
2457640.320897 0.986886 0.000833 
2457640.321421 0.992351 0.000843 
2457640.321948 0.985174 0.000833 
2457640.322472 0.986732 0.000836 
2457640.322998 0.986023 0.000833 
2457640.323522 0.986113 0.000836 
2457640.324051 0.985801 0.000832 
2457640.324581 0.984297 0.000833 
2457640.325110 0.981628 0.000823 
2457640.325639 0.986295 0.000832 
2457640.326170 0.986169 0.000829 
2457640.326698 0.982351 0.000823 
2457640.327228 0.982732 0.000820 
2457640.327758 0.980600 0.000817 
2457640.328288 0.989053 0.000831 
2457640.328820 0.978607 0.000815 
2457640.329355 0.984273 0.000819 
2457640.329890 0.985893 0.000821 
2457640.330427 0.978158 0.000811 
2457640.330963 0.985871 0.000819 
2457640.331498 0.980518 0.000815 
2457640.332036 0.985614 0.000819 
2457640.332574 0.981079 0.000813 
2457640.333112 0.982166 0.000818 
2457640.333651 0.982958 0.000846 
2457640.334189 0.979701 0.000843 
2457640.334939 0.984359 0.000839 
2457640.335481 0.979766 0.000828 
2457640.336030 0.980015 0.000824 
2457640.336571 0.982475 0.000822 
2457640.337658 0.982955 0.000820 
2457640.338200 0.981810 0.000809 
2457640.338743 0.978650 0.000805 
2457640.339282 0.980972 0.000808 
2457640.339826 0.985068 0.000814 
2457640.340370 0.979679 0.000807 
2457640.340914 0.982253 0.000805 
2457640.341456 0.978520 0.000801 
2457640.342002 0.980502 0.000805 
2457640.342551 0.982476 0.000807 
2457640.343643 0.978586 0.000803 
2457640.344193 0.981677 0.000806 
2457640.344740 0.981532 0.000804 
2457640.345289 0.981536 0.000804 
2457640.345837 0.980486 0.000805 
2457640.346389 0.980715 0.000808 
2457640.346941 0.980356 0.000807 
2457640.347489 0.981226 0.000806 
2457640.348594 0.980596 0.000807 
2457640.349149 0.980191 0.000807 
2457640.349705 0.981224 0.000810 
2457640.350262 0.978438 0.000810 
2457640.350814 0.982801 0.000816 
2457640.351463 0.982209 0.000811 
2457640.352024 0.979467 0.000809 
2457640.352581 0.979547 0.000813 
2457640.353132 0.979025 0.000813 
2457640.353693 0.981081 0.000812 
2457640.354255 0.981132 0.000817 
2457640.354816 0.981142 0.000815 
2457640.355371 0.981089 0.000810 
2457640.355935 0.980569 0.000811 
2457640.356495 0.978201 0.000808 
2457640.357032 0.984145 0.000811 
2457640.357599 0.979185 0.000811 
2457640.358148 0.980920 0.000809 
2457640.358722 0.979935 0.000808 
2457640.359628 0.979251 0.000809 
2457640.360323 0.980566 0.000816 
2457640.360813 0.982595 0.000817 
2457640.361311 0.981369 0.000819 
2457640.361811 0.979601 0.000813 
2457640.362310 0.983109 0.000815 
2457640.362810 0.979824 0.000819 
2457640.363317 0.978782 0.000810 
2457640.363817 0.984101 0.000815 
2457640.364319 0.979413 0.000814 
2457640.364820 0.980328 0.000823 
2457640.365322 0.980991 0.000826 
2457640.365827 0.979433 0.000815 
2457640.366329 0.983591 0.000821 
2457640.366834 0.981641 0.000817 
2457640.367342 0.981469 0.000825 
2457640.367842 0.981726 0.000822 
2457640.368343 0.980692 0.000822 
2457640.368844 0.981028 0.000815 
2457640.369346 0.978921 0.000811 
2457640.369849 0.985141 0.000820 
2457640.370352 0.979300 0.000813 
2457640.370856 0.981905 0.000813 
2457640.371359 0.982144 0.000816 
2457640.371863 0.978125 0.000812 
2457640.372370 0.983222 0.000820 
2457640.372871 0.985298 0.000827 
2457640.373384 0.979233 0.000819 
2457640.373895 0.985126 0.000824 
2457640.374406 0.981220 0.000821 
2457640.374922 0.983226 0.000823 
2457640.375438 0.981863 0.000822 
2457640.375954 0.981256 0.000819 
2457640.376470 0.983946 0.000823 
2457640.376985 0.982349 0.000822 
2457640.377518 0.981572 0.000822 
2457640.378047 0.985282 0.000825 
2457640.378576 0.981497 0.000818 
2457640.379096 0.980940 0.000818 
2457640.379631 0.986530 0.000824 
2457640.380154 0.983274 0.000822 
2457640.380681 0.984384 0.000823 
2457640.381202 0.989355 0.000828 
2457640.381730 0.981887 0.000819 
2457640.382256 0.981933 0.000816 
2457640.382785 0.985283 0.000818 
2457640.383306 0.986476 0.000825 
2457640.383832 0.981037 0.000817 
2457640.384355 0.990136 0.000826 
2457640.384885 0.988018 0.000822 
2457640.385413 0.986672 0.000819 
2457640.386470 0.989991 0.000823 
2457640.386989 0.988340 0.000822 
2457640.387510 0.988502 0.000825 
2457640.388031 0.987259 0.000830 
2457640.388538 0.990034 0.000826 
2457640.389046 0.991898 0.000827 
2457640.389555 0.990120 0.000830 
2457640.390063 0.993024 0.000830 
2457640.390571 0.996878 0.000837 
2457640.391083 0.991905 0.000824 
2457640.391593 0.990207 0.000824 
2457640.392104 0.993461 0.000825 
2457640.392615 0.995670 0.000829 
2457640.393124 0.995874 0.000829 
2457640.393638 0.992533 0.000822 
2457640.394149 0.996026 0.000826 
2457640.394662 0.993605 0.000826 
2457640.395176 1.001176 0.000836 
2457640.395690 0.997205 0.000837 
2457640.396204 0.998098 0.000835 
2457640.396718 0.997973 0.000835 
2457640.397233 0.995301 0.000829 
2457640.397747 1.000602 0.000837 
2457640.398263 0.999480 0.000834 
2457640.398779 1.000798 0.000832 
2457640.399295 0.997865 0.000828 
2457640.399812 0.997988 0.000827 
2457640.400328 1.000814 0.000829 
2457640.400846 0.997877 0.000841 
2457640.401365 0.998715 0.000831 
2457640.401887 1.000243 0.000832 
2457640.402408 1.000128 0.000825 
2457640.402929 0.999895 0.000823 
2457640.403442 0.996087 0.000821 
2457640.403955 1.002742 0.000829 
2457640.404468 0.998652 0.000827 
2457640.404979 1.000372 0.000826 
2457640.405498 0.999978 0.000824 
2457640.406013 1.000407 0.000829 
2457640.406556 0.998798 0.000823 
2457640.407072 1.001206 0.000824 
2457640.407589 1.000369 0.000820 
2457640.408108 0.996071 0.000815 
2457640.408626 1.003361 0.000817 
2457640.409148 0.999713 0.000817 
2457640.409678 0.996643 0.000811 
2457640.410183 0.998719 0.000816 
2457640.410682 1.000464 0.000818 
2457640.411182 1.002064 0.000826 
2457640.411685 0.998322 0.000820 
2457640.412187 1.000290 0.000820 
2457640.412686 0.999549 0.000820 
2457640.413191 1.000612 0.000819 
2457640.413696 0.998392 0.000818 
2457640.414200 1.000861 0.000821 
2457640.414704 0.999227 0.000819 
2457640.415209 0.999916 0.000819 
2457640.415716 0.999822 0.000816 
2457640.416225 0.998693 0.000824 
2457640.416732 1.000287 0.000819 
2457640.417239 0.996268 0.000815 
2457640.417746 1.001933 0.000820 
2457640.418255 0.999990 0.000820 
2457640.418765 0.999992 0.000817 
2457640.419274 0.999045 0.000820 
2457640.419782 1.001024 0.000820 
2457640.420291 0.999952 0.000822 
2457640.420814 0.999053 0.000820 
2457640.421342 1.001309 0.000820 
2457640.421873 0.996562 0.000815 
2457640.422402 1.000414 0.000818 
2457640.422934 1.000478 0.000817 
2457640.423462 1.000096 0.000820 
2457640.423992 0.998903 0.000817 
2457640.424524 1.000478 0.000821 
2457640.425057 1.002201 0.000822 
2457640.425590 0.999236 0.000821 
2457640.426121 0.996811 0.000840 
2457640.426653 1.000385 0.000838 
2457640.427187 0.999118 0.000840 
2457640.427720 1.000477 0.000832 
2457640.428256 0.997627 0.000825 
2457640.428790 0.999027 0.000822 
2457640.429326 0.999178 0.000823 
2457640.429867 1.000677 0.000825 
2457640.430401 1.001496 0.000823 
2457640.430936 0.998300 0.000824 
2457640.431476 1.001005 0.000826 
2457640.432015 0.999612 0.000826 
2457640.432553 1.000323 0.000827 
2457640.433089 0.999229 0.000828 
2457640.433627 1.001084 0.000826 
2457640.434166 0.998726 0.000823 
2457640.434755 0.998017 0.000823 
2457640.435300 1.001862 0.000825 
2457640.435839 0.997079 0.000820 
2457640.436383 0.999997 0.000825 
2457640.436924 1.002300 0.000825 
2457640.437470 0.996330 0.000822 
2457640.438013 0.999526 0.000826 
2457640.438560 1.001480 0.000830 
2457640.439098 1.000300 0.000829 
2457640.439645 0.999477 0.000825 
2457640.440194 1.000721 0.000832 
2457640.440741 0.998719 0.000826 
2457640.441287 0.999866 0.000827 
2457640.441837 0.997449 0.000826 
2457640.442380 1.002011 0.000831 
2457640.442933 0.998835 0.000827 
2457640.443480 1.000476 0.000832 
2457640.444034 0.999462 0.000829 
2457640.444580 0.999941 0.000832 
2457640.445220 0.998819 0.000826 
2457640.445752 1.000230 0.000830 
2457640.446818 0.999355 0.000830 
2457640.447353 0.996892 0.000827 
2457640.447890 1.002860 0.000832 
2457640.448428 0.999532 0.000833 
2457640.448972 0.998260 0.000828 
2457640.449504 1.001559 0.000832 
2457640.450041 0.999985 0.000832 
2457640.450577 1.001534 0.000834 
2457640.451117 0.996788 0.000827 
2457640.451705 1.000078 0.000831 
2457640.452243 1.000981 0.000834 
2457640.452784 0.996901 0.000831 
2457640.453864 1.000060 0.000832 
2457640.454407 1.001252 0.000836 
2457640.454950 0.999309 0.000838 
2457640.455493 1.000489 0.000839 
2457640.456035 0.998603 0.000835 
