Title: WASP-103 CAHA Light Curve on 2015-06-07
Authors: Basturk et al. (2021)
Table:
================================================================================
Byte-by-byte Description of file: wasp103_20150607_CAHA.txt
--------------------------------------------------------------------------------
   Bytes Format Units Label    Explanations
--------------------------------------------------------------------------------
   1- 14 F14.6  d       BJD-TDB  Barycentric Dynamical Time in Julian Days
  16- 23 F8.6   ---     Flux     Normalized Flux
  25- 32 F8.6   ---     FluxErr  Error in Normalized Flux Units
--------------------------------------------------------------------------------
Note (1):   Passband: Cousins-I
Note (2):   ***OR REMOVE THIS SECTION***
--------------------------------------------------------------------------------
2457181.356180 1.000644 0.000170 
2457181.358242 0.999722 0.000168 
2457181.360468 1.001092 0.000166 
2457181.362987 0.999092 0.000165 
2457181.364644 0.998967 0.000162 
2457181.366284 0.999847 0.000161 
2457181.367925 1.000319 0.000161 
2457181.369568 1.000140 0.000162 
2457181.371210 0.999675 0.000162 
2457181.374496 1.001232 0.000162 
2457181.376143 0.999776 0.000162 
2457181.377792 1.000349 0.000162 
2457181.379444 1.000068 0.000161 
2457181.381092 0.999878 0.000162 
2457181.382743 0.999986 0.000160 
2457181.384395 0.999649 0.000160 
2457181.386047 1.000043 0.000162 
2457181.387699 0.999388 0.000160 
2457181.389357 1.000538 0.000160 
2457181.391013 0.999249 0.000160 
2457181.392665 0.999503 0.000160 
2457181.394467 1.000522 0.000160 
2457181.396458 1.000059 0.000175 
2457181.398219 1.001336 0.000209 
2457181.399867 0.998090 0.000208 
2457181.400931 1.000823 0.000208 
2457181.401993 0.999373 0.000207 
2457181.403056 0.999911 0.000208 
2457181.404120 1.001632 0.000208 
2457181.405184 1.000481 0.000208 
2457181.406251 1.000039 0.000208 
2457181.407316 0.998731 0.000208 
2457181.408389 1.000204 0.000207 
2457181.409455 0.999770 0.000207 
2457181.410525 1.001447 0.000207 
2457181.411590 0.999452 0.000206 
2457181.412661 0.999638 0.000207 
2457181.413731 0.999524 0.000206 
2457181.414800 1.000467 0.000206 
2457181.415871 1.000181 0.000207 
2457181.416942 1.000410 0.000207 
2457181.418013 0.998412 0.000205 
2457181.419086 1.000227 0.000206 
2457181.420161 0.999131 0.000205 
2457181.421243 1.000545 0.000205 
2457181.422317 1.001396 0.000205 
2457181.423394 0.998970 0.000206 
2457181.424469 0.999673 0.000206 
2457181.425548 1.000593 0.000207 
2457181.426626 1.000262 0.000209 
2457181.427704 0.999970 0.000208 
2457181.428784 1.000932 0.000207 
2457181.429863 0.999974 0.000207 
2457181.430942 1.000117 0.000208 
2457181.432015 0.999498 0.000208 
2457181.433089 1.000319 0.000208 
2457181.434162 0.999734 0.000208 
2457181.435246 0.998273 0.000208 
2457181.436322 1.000690 0.000208 
2457181.437399 1.000104 0.000208 
2457181.438489 1.000361 0.000207 
2457181.439850 0.999610 0.000208 
2457181.440972 1.000379 0.000208 
2457181.442062 0.999770 0.000208 
2457181.443151 1.000654 0.000208 
2457181.444244 0.999678 0.000208 
2457181.445333 0.998026 0.000208 
2457181.446422 1.001194 0.000208 
2457181.448584 1.003095 0.000209 
2457181.449679 0.998281 0.000208 
2457181.450783 1.000704 0.000209 
2457181.451876 0.999145 0.000210 
2457181.452973 0.999213 0.000210 
2457181.454069 1.000059 0.000210 
2457181.455171 1.000367 0.000211 
2457181.456267 1.001213 0.000212 
2457181.457361 0.999135 0.000212 
2457181.458449 0.999541 0.000212 
2457181.459534 0.999075 0.000212 
2457181.460641 1.001739 0.000214 
2457181.461753 0.999484 0.000213 
2457181.462858 0.999846 0.000212 
2457181.463973 0.999968 0.000213 
2457181.465080 0.999594 0.000213 
2457181.466193 1.000408 0.000215 
2457181.467311 1.000043 0.000215 
2457181.468422 1.000473 0.000216 
2457181.469541 0.999100 0.000215 
2457181.470712 1.000584 0.000216 
2457181.471824 0.998590 0.000216 
2457181.472921 0.998646 0.000215 
2457181.474046 0.996429 0.000215 
2457181.475177 0.995817 0.000215 
2457181.476291 0.995010 0.000217 
2457181.477429 0.993419 0.000217 
2457181.478571 0.992512 0.000217 
2457181.479705 0.989782 0.000217 
2457181.480850 0.989892 0.000217 
2457181.481988 0.990134 0.000217 
2457181.483126 0.989292 0.000218 
2457181.484272 0.989751 0.000217 
2457181.485423 0.988381 0.000218 
2457181.486563 0.988385 0.000219 
2457181.487704 0.988769 0.000219 
2457181.488844 0.986962 0.000219 
2457181.489996 0.987959 0.000220 
2457181.491506 0.986689 0.000238 
2457181.492908 0.987543 0.000240 
2457181.493851 0.987615 0.000240 
2457181.494796 0.986553 0.000238 
2457181.495743 0.986136 0.000239 
2457181.496689 0.986096 0.000239 
2457181.497633 0.987371 0.000240 
2457181.498581 0.987263 0.000242 
2457181.500185 0.986093 0.000241 
2457181.501663 0.986726 0.000221 
2457181.503076 0.986058 0.000222 
2457181.504136 0.985233 0.000223 
2457181.505201 0.986420 0.000223 
2457181.506264 0.986125 0.000224 
2457181.507327 0.986706 0.000225 
2457181.508392 0.986118 0.000224 
2457181.509456 0.985541 0.000225 
2457181.510521 0.986709 0.000226 
2457181.511585 0.984068 0.000228 
2457181.512653 0.986194 0.000228 
2457181.513717 0.984648 0.000229 
2457181.514787 0.987185 0.000228 
2457181.515856 0.986291 0.000226 
2457181.516927 0.985535 0.000225 
2457181.518002 0.985115 0.000226 
2457181.519072 0.985404 0.000228 
2457181.520176 0.987166 0.000226 
2457181.521247 0.982563 0.000226 
2457181.522320 0.986751 0.000228 
2457181.523393 0.987542 0.000229 
2457181.524467 0.985185 0.000229 
2457181.525541 0.985034 0.000228 
2457181.526618 0.985157 0.000228 
2457181.527691 0.984545 0.000228 
2457181.528769 0.986476 0.000229 
2457181.529843 0.984342 0.000228 
2457181.530923 0.987882 0.000230 
2457181.532003 0.986904 0.000230 
2457181.533080 0.985231 0.000230 
2457181.534149 0.984917 0.000229 
2457181.535231 0.985818 0.000230 
2457181.536989 0.987488 0.000232 
2457181.538065 0.986387 0.000231 
2457181.539138 0.982460 0.000231 
2457181.540227 0.985490 0.000233 
2457181.541313 0.986478 0.000234 
2457181.542395 0.986235 0.000234 
2457181.543475 0.985609 0.000234 
2457181.544551 0.986804 0.000241 
2457181.546717 0.986151 0.000441 
2457181.547851 0.985327 0.000352 
2457181.548991 0.990137 0.000287 
2457181.550143 0.984380 0.000273 
2457181.551280 0.984872 0.000268 
2457181.552378 0.986002 0.000264 
2457181.553464 0.988286 0.000269 
2457181.554550 0.986636 0.000270 
2457181.555639 0.986852 0.000280 
2457181.556727 0.987340 0.000287 
2457181.557821 0.988830 0.000294 
2457181.558913 0.989349 0.000333 
2457181.561107 0.985738 0.000307 
2457181.562774 0.990097 0.000310 
2457181.563856 0.986752 0.000312 
2457181.564943 0.986007 0.000304 
2457181.566037 0.989471 0.000269 
2457181.567727 0.992126 0.000338 
2457181.569265 0.990823 0.000289 
2457181.570695 0.994537 0.000241 
2457181.571875 0.990585 0.000238 
2457181.573051 0.996018 0.000240 
2457181.580422 0.998325 0.000249 
2457181.581966 1.001888 0.000258 
2457181.583142 1.000621 0.000258 
2457181.584319 0.997365 0.000269 
2457181.585496 1.002014 0.000301 
2457181.587862 0.999650 0.000573 
