Title: WASP-69 T35 Light Curve on 2019-08-27
Authors: Basturk et al. (2021)
Table:
================================================================================
Byte-by-byte Description of file: wasp69_20190827_T35.txt
--------------------------------------------------------------------------------
   Bytes Format Units Label    Explanations
--------------------------------------------------------------------------------
   1- 14 F14.6  d       BJD-TDB  Barycentric Dynamical Time in Julian Days
  16- 23 F8.6   ---     Flux     Normalized Flux
  25- 32 F8.6   ---     FluxErr  Error in Normalized Flux Units
--------------------------------------------------------------------------------
Note (1):   Passband: Bessel-R
Note (2):   ***OR REMOVE THIS SECTION***
--------------------------------------------------------------------------------
2458723.312333 1.003149 0.003425 
2458723.312600 0.995391 0.003351 
2458723.312866 1.004206 0.003374 
2458723.313132 0.997261 0.003390 
2458723.313387 0.999453 0.003348 
2458723.313653 0.999023 0.003367 
2458723.313919 1.001060 0.003381 
2458723.314185 0.999406 0.003353 
2458723.314451 1.001448 0.003409 
2458723.314718 1.000405 0.003386 
2458723.314972 0.999978 0.003352 
2458723.315238 0.997269 0.003323 
2458723.315505 0.999060 0.003341 
2458723.315759 1.003164 0.003361 
2458723.316025 0.998844 0.003336 
2458723.316292 1.005200 0.003361 
2458723.316558 0.997488 0.003363 
2458723.316824 0.995327 0.003319 
2458723.317079 1.002863 0.003318 
2458723.317345 0.999849 0.003336 
2458723.317611 1.001919 0.003290 
2458723.317877 0.995686 0.003285 
2458723.318143 1.002596 0.003348 
2458723.318398 0.999671 0.003321 
2458723.318664 0.996561 0.003333 
2458723.318930 1.002636 0.003298 
2458723.319197 0.994615 0.003261 
2458723.319451 1.002857 0.003339 
2458723.319717 1.002418 0.003331 
2458723.319972 1.004235 0.003334 
2458723.320238 0.995259 0.003304 
2458723.320504 0.999622 0.003323 
2458723.320759 0.998730 0.003301 
2458723.321025 1.000417 0.003345 
2458723.321280 0.999334 0.003343 
2458723.321546 1.004619 0.003297 
2458723.321812 0.998707 0.003285 
2458723.322067 1.000305 0.003287 
2458723.322333 0.998596 0.003277 
2458723.322599 0.998729 0.003263 
2458723.322866 0.999050 0.003259 
2458723.323132 0.999315 0.003291 
2458723.323386 1.005645 0.003310 
2458723.323653 0.996108 0.003289 
2458723.323919 1.001579 0.003296 
2458723.324185 0.999830 0.003285 
2458723.324440 1.000475 0.003317 
2458723.324706 1.000292 0.003279 
2458723.324972 0.993884 0.003229 
2458723.325238 1.000481 0.003308 
2458723.325504 1.004208 0.003324 
2458723.325759 1.001335 0.003284 
2458723.326025 0.996174 0.003260 
2458723.326291 1.002759 0.003490 
2458723.326546 1.001822 0.003396 
2458723.326812 0.999485 0.003351 
2458723.327067 0.996856 0.003348 
2458723.327333 1.000923 0.003312 
2458723.327599 1.002045 0.003381 
2458723.327854 1.000941 0.003354 
2458723.328120 0.996514 0.003327 
2458723.328375 0.997783 0.003345 
2458723.328641 0.999385 0.003315 
2458723.328895 1.001803 0.003345 
2458723.329162 1.002510 0.003352 
2458723.329428 0.996396 0.003350 
2458723.329694 1.002774 0.003405 
2458723.329949 1.000438 0.003355 
2458723.330215 0.998209 0.003350 
2458723.330481 0.999199 0.003325 
2458723.330736 1.004794 0.003346 
2458723.331002 0.995666 0.003341 
2458723.331268 1.001598 0.003326 
2458723.331523 0.998796 0.003315 
2458723.331789 1.000594 0.003327 
2458723.332055 0.999198 0.003343 
2458723.332310 0.997867 0.003298 
2458723.332576 1.001027 0.003354 
2458723.332842 1.003127 0.003332 
2458723.333097 0.999112 0.003314 
2458723.333363 0.996711 0.003358 
2458723.333629 1.002636 0.003344 
2458723.333884 0.999591 0.003284 
2458723.334150 1.001875 0.003300 
2458723.334405 0.998236 0.003336 
2458723.334671 0.999167 0.003315 
2458723.334925 0.999524 0.003281 
2458723.335192 1.001819 0.003339 
2458723.335458 0.995249 0.003378 
2458723.335724 1.000545 0.003364 
2458723.335979 1.001686 0.003325 
2458723.336245 1.004968 0.003351 
2458723.336499 0.994018 0.003288 
2458723.336766 1.005065 0.003321 
2458723.337032 0.998752 0.003294 
2458723.337286 0.995826 0.003264 
2458723.337553 1.001879 0.003272 
2458723.337819 0.998688 0.003289 
2458723.338073 1.003883 0.003313 
2458723.338340 0.995717 0.003263 
2458723.338594 1.002667 0.003320 
2458723.338860 0.999532 0.003295 
2458723.339127 1.001616 0.003336 
2458723.339381 0.996522 0.003283 
2458723.339647 1.002562 0.003287 
2458723.339914 0.997616 0.003295 
2458723.340180 1.000192 0.003338 
2458723.340434 0.999080 0.003359 
2458723.340701 1.002326 0.003286 
2458723.340955 1.000352 0.003305 
2458723.341221 1.002705 0.003322 
2458723.341488 0.996830 0.003322 
2458723.341754 0.997041 0.003274 
2458723.342008 1.000367 0.003284 
2458723.342275 1.004217 0.003367 
2458723.342529 0.999269 0.003286 
2458723.342795 0.999589 0.003319 
2458723.343062 0.993685 0.003237 
2458723.343316 1.010222 0.003659 
2458723.343582 0.997803 0.003295 
2458723.343849 0.996597 0.003224 
2458723.344103 1.003034 0.003320 
2458723.344369 0.997500 0.003272 
2458723.344636 1.001700 0.003298 
2458723.344890 1.002515 0.003276 
2458723.345145 0.996112 0.003259 
2458723.345411 0.998134 0.003263 
2458723.345677 1.003902 0.003323 
2458723.345944 1.000063 0.003295 
2458723.346210 1.001375 0.003295 
2458723.346464 0.996941 0.003268 
2458723.346719 1.002456 0.003292 
2458723.346985 0.996269 0.003269 
2458723.347251 1.000536 0.003266 
2458723.347506 1.000484 0.003311 
2458723.347772 0.998329 0.003286 
2458723.348038 1.002589 0.003318 
2458723.348293 0.997092 0.003283 
2458723.348559 1.004388 0.003308 
2458723.348814 1.002528 0.003316 
2458723.349080 0.997142 0.003275 
2458723.349346 0.999171 0.003250 
2458723.349612 1.000616 0.003293 
2458723.349867 0.999642 0.003293 
2458723.350133 0.995062 0.003262 
2458723.350399 1.000297 0.003274 
2458723.350654 1.004856 0.003275 
2458723.350920 0.995718 0.003262 
2458723.351175 1.003657 0.003320 
2458723.351441 0.996724 0.003311 
2458723.351696 1.002901 0.003326 
2458723.351962 0.998828 0.003345 
2458723.352228 1.000381 0.003325 
2458723.352483 0.996330 0.003283 
2458723.352749 1.006448 0.003284 
2458723.353003 0.997139 0.003280 
2458723.353270 0.999591 0.003265 
2458723.353524 1.000428 0.003285 
2458723.353790 1.001952 0.003308 
2458723.354057 0.994802 0.003250 
2458723.354311 1.003250 0.003278 
2458723.354578 0.996342 0.003259 
2458723.354832 1.003705 0.003323 
2458723.355098 1.000215 0.003290 
2458723.355353 0.997169 0.003293 
2458723.355619 1.001548 0.003311 
2458723.355885 1.001753 0.003273 
2458723.356152 0.998510 0.003272 
2458723.356406 1.001623 0.003321 
2458723.356672 0.994607 0.003256 
2458723.356927 1.004762 0.003279 
2458723.357193 0.998048 0.003383 
2458723.357980 0.999761 0.003357 
2458723.358246 1.002228 0.003342 
2458723.358501 0.999373 0.003288 
2458723.358767 0.999094 0.003286 
2458723.359033 0.998527 0.003292 
2458723.359288 1.002606 0.003349 
2458723.359554 1.000987 0.003285 
2458723.359820 1.001235 0.003287 
2458723.360087 0.992525 0.003241 
2458723.360341 1.001287 0.003278 
2458723.360607 1.003920 0.003287 
2458723.360862 1.002460 0.003323 
2458723.361128 0.996362 0.003247 
2458723.361394 1.000057 0.003276 
2458723.361649 0.999509 0.003276 
2458723.361915 0.999691 0.003253 
2458723.362170 0.996470 0.003279 
2458723.362424 1.002786 0.003296 
2458723.362691 1.000447 0.003355 
2458723.363466 0.999464 0.003363 
2458723.363732 1.001174 0.003331 
2458723.363987 1.000513 0.003315 
2458723.364473 0.999662 0.003287 
2458723.364739 0.998990 0.003297 
2458723.365005 1.003344 0.003510 
2458723.365272 0.994195 0.003289 
2458723.365526 1.001764 0.003334 
2458723.365792 1.001920 0.003349 
2458723.366047 1.000979 0.003357 
2458723.366313 0.996475 0.003301 
2458723.366579 1.001325 0.003358 
2458723.366846 1.000435 0.003310 
2458723.367112 0.998620 0.003337 
2458723.367366 1.006391 0.003360 
2458723.367633 0.993353 0.003306 
2458723.367899 1.001009 0.003320 
2458723.368153 1.001565 0.003318 
2458723.368420 1.002390 0.003331 
2458723.368674 0.990465 0.003275 
2458723.368940 1.006907 0.003322 
2458723.369207 1.002311 0.003306 
2458723.369473 0.994964 0.003271 
2458723.369727 1.002542 0.003290 
2458723.369982 0.998737 0.003279 
2458723.370248 1.000759 0.003283 
2458723.370503 0.998859 0.003304 
2458723.370769 0.995496 0.003276 
2458723.371024 1.006601 0.003356 
2458723.371290 0.998402 0.003311 
2458723.371545 0.999186 0.003291 
2458723.371811 1.000432 0.003326 
2458723.372077 1.001035 0.003334 
2458723.372343 1.002657 0.003348 
2458723.372598 0.995629 0.003270 
2458723.372864 1.002304 0.003311 
2458723.373119 1.000227 0.003296 
2458723.373385 0.998757 0.003290 
2458723.373651 0.999832 0.003315 
2458723.373906 1.002123 0.003303 
2458723.374172 0.991144 0.003256 
2458723.374438 1.003285 0.003348 
2458723.374693 1.003096 0.003340 
2458723.374959 1.002360 0.003284 
2458723.375225 0.994239 0.003271 
2458723.375480 1.004871 0.003378 
2458723.375746 1.001250 0.003346 
2458723.376012 0.998328 0.003281 
2458723.376278 0.999994 0.003310 
2458723.376533 0.998751 0.003259 
2458723.379773 1.002925 0.003242 
2458723.380040 0.998486 0.003247 
2458723.380306 0.996690 0.003258 
2458723.380560 1.002701 0.003248 
2458723.380827 0.999981 0.003283 
2458723.381081 0.998315 0.003252 
2458723.381348 1.001932 0.003243 
2458723.381614 0.999714 0.003262 
2458723.381880 1.000369 0.003271 
2458723.382135 0.998027 0.003223 
2458723.382401 0.999703 0.003244 
2458723.382667 1.003268 0.003276 
2458723.382933 0.993200 0.003224 
2458723.383188 1.001462 0.003272 
2458723.383454 1.004877 0.003292 
2458723.383720 0.999497 0.003276 
2458723.383975 0.998821 0.003252 
2458723.384241 0.998464 0.003233 
2458723.384496 1.001150 0.003273 
2458723.384762 0.999409 0.003271 
2458723.385028 1.002521 0.003275 
2458723.385283 0.994195 0.003225 
2458723.385549 0.999935 0.003302 
2458723.385815 1.000856 0.003315 
2458723.386070 1.002035 0.003271 
2458723.386336 0.997252 0.003273 
2458723.386590 0.998634 0.003250 
2458723.386857 0.999340 0.003292 
2458723.387123 1.005436 0.003329 
2458723.387377 0.994934 0.003271 
2458723.387644 0.999049 0.003298 
2458723.387910 1.001422 0.003295 
2458723.388164 0.998892 0.003297 
2458723.388431 0.995840 0.003273 
2458723.388697 1.001031 0.003268 
2458723.388951 0.994661 0.003285 
2458723.389218 1.000932 0.003377 
2458723.389484 0.996878 0.003299 
2458723.389738 0.997638 0.003284 
2458723.390005 1.001090 0.003294 
2458723.390271 0.994860 0.003298 
2458723.390525 0.998701 0.003386 
2458723.390792 0.996177 0.003300 
2458723.391046 0.995497 0.003302 
2458723.391312 0.999922 0.003317 
2458723.391579 0.996523 0.003278 
2458723.391833 0.993482 0.003291 
2458723.392099 0.992058 0.003320 
2458723.392354 1.003252 0.003334 
2458723.392620 0.995424 0.003318 
2458723.392886 0.997632 0.003333 
2458723.393141 0.988255 0.003293 
2458723.393407 0.997818 0.003335 
2458723.393674 0.995213 0.003325 
2458723.393928 0.997424 0.003284 
2458723.394194 0.987174 0.003269 
2458723.394449 0.994998 0.003337 
2458723.394715 0.996743 0.003375 
2458723.394970 0.994947 0.003340 
2458723.395236 0.987855 0.003314 
2458723.395502 0.994626 0.003341 
2458723.395757 0.993183 0.003347 
2458723.396023 0.990654 0.003342 
2458723.396289 0.994877 0.003421 
2458723.396544 0.990472 0.003346 
2458723.396810 0.990617 0.003317 
2458723.397076 0.994565 0.003359 
2458723.397331 0.985986 0.003304 
2458723.397597 0.988944 0.003360 
2458723.397863 0.990479 0.003364 
2458723.398118 0.998454 0.003524 
2458723.398384 0.985931 0.003297 
2458723.398639 0.991932 0.003340 
2458723.398905 0.989953 0.003320 
2458723.399171 0.986565 0.003285 
2458723.399437 0.985787 0.003261 
2458723.399703 0.990166 0.003343 
2458723.399958 0.988256 0.003331 
2458723.400224 0.989955 0.003339 
2458723.400479 0.991406 0.003283 
2458723.400745 0.982418 0.003252 
2458723.401011 0.986981 0.003268 
2458723.401277 0.989829 0.003335 
2458723.401532 0.988063 0.003282 
2458723.401798 0.980995 0.003315 
2458723.402064 0.990738 0.003366 
2458723.402319 0.982452 0.003326 
2458723.402585 0.987203 0.003309 
2458723.402851 0.988546 0.003349 
2458723.403106 0.985727 0.003306 
2458723.403361 0.985685 0.003291 
2458723.403627 0.981565 0.003277 
2458723.403893 0.983987 0.003267 
2458723.404148 0.989490 0.003359 
2458723.404414 0.979397 0.003266 
2458723.404680 0.990254 0.003335 
2458723.404946 0.986054 0.003284 
2458723.405213 0.980333 0.003319 
2458723.405467 0.984808 0.003279 
2458723.405733 0.983220 0.003293 
2458723.406000 0.987344 0.003323 
2458723.406254 0.981414 0.003253 
2458723.406520 0.984800 0.003275 
2458723.406787 0.981053 0.003239 
2458723.407041 0.985779 0.003329 
2458723.407307 0.986032 0.003371 
2458723.407828 0.983542 0.003333 
2458723.408094 0.980716 0.003285 
2458723.408349 0.981741 0.003293 
2458723.408615 0.984909 0.003346 
2458723.408881 0.984897 0.003309 
2458723.410317 0.983306 0.003307 
2458723.410571 0.986076 0.003317 
2458723.410837 0.978017 0.003325 
2458723.411104 0.980771 0.003271 
2458723.411370 0.988316 0.003307 
2458723.411624 0.978908 0.003269 
2458723.411879 0.982739 0.003317 
2458723.412145 0.985387 0.003305 
2458723.412400 0.980894 0.003295 
2458723.412666 0.981571 0.003325 
2458723.412932 0.982816 0.003306 
2458723.413187 0.984359 0.003340 
2458723.413453 0.982393 0.003372 
2458723.413708 0.978020 0.003222 
2458723.413974 0.987701 0.003268 
2458723.414228 0.976998 0.003227 
2458723.414495 0.983354 0.003281 
2458723.414761 0.988712 0.003297 
2458723.415027 0.977711 0.003266 
2458723.415282 0.983533 0.003269 
2458723.415548 0.977688 0.003228 
2458723.415802 0.984793 0.003299 
2458723.416069 0.980631 0.003299 
2458723.416335 0.982457 0.003312 
2458723.416856 0.981034 0.003326 
2458723.417122 0.984893 0.003306 
2458723.417388 0.983919 0.003276 
2458723.417654 0.979408 0.003277 
2458723.417909 0.980688 0.003305 
2458723.418175 0.980003 0.003287 
2458723.418441 0.983034 0.003314 
2458723.418707 0.982243 0.003288 
2458723.418974 0.982446 0.003341 
2458723.419228 0.978811 0.003306 
2458723.419494 0.982309 0.003312 
2458723.419749 0.983094 0.003321 
2458723.420015 0.978392 0.003320 
2458723.420281 0.982876 0.003366 
2458723.420548 0.985308 0.003379 
2458723.420814 0.983474 0.003354 
2458723.421080 0.976506 0.003319 
2458723.421335 0.981858 0.003374 
2458723.421601 0.982787 0.003351 
2458723.421867 0.979240 0.003403 
2458723.422122 0.985811 0.003398 
2458723.422388 0.979259 0.003368 
2458723.422654 0.983029 0.003365 
2458723.422920 0.979066 0.003319 
2458723.423186 0.980103 0.003313 
2458723.423441 0.975576 0.003357 
2458723.423707 0.988172 0.003428 
2458723.423973 0.981942 0.003420 
2458723.424228 0.983962 0.003399 
2458723.424494 0.984622 0.003357 
2458723.424761 0.973834 0.003307 
2458723.425027 0.980592 0.003358 
2458723.425281 0.984234 0.003390 
2458723.425548 0.982488 0.003376 
2458723.425814 0.980246 0.003372 
2458723.426080 0.978643 0.003342 
2458723.426346 0.980736 0.003391 
2458723.426601 0.985162 0.003422 
2458723.426867 0.978917 0.003394 
2458723.427133 0.980295 0.003399 
2458723.427399 0.979746 0.003450 
2458723.427666 0.983856 0.003447 
2458723.427920 0.981849 0.003442 
2458723.428186 0.985184 0.003431 
2458723.428453 0.975525 0.003452 
2458723.428719 0.984709 0.003448 
2458723.428985 0.979355 0.003377 
2458723.429240 0.979841 0.003409 
2458723.429506 0.979278 0.003424 
2458723.429772 0.982701 0.003432 
2458723.430038 0.981312 0.003449 
2458723.430304 0.984912 0.003437 
2458723.430559 0.981217 0.003431 
2458723.430825 0.975371 0.003396 
2458723.431091 0.980988 0.003429 
2458723.431358 0.980255 0.003441 
2458723.431612 0.988959 0.003453 
2458723.431878 0.976887 0.003388 
2458723.432145 0.979158 0.003386 
2458723.432399 0.983061 0.003438 
2458723.432665 0.979323 0.003391 
2458723.432932 0.981852 0.003480 
2458723.433186 0.982974 0.003391 
2458723.433452 0.977835 0.003362 
2458723.433719 0.988693 0.003379 
2458723.433985 0.979025 0.003341 
2458723.434239 0.983147 0.003414 
2458723.434506 0.975275 0.003383 
2458723.434772 0.978964 0.003356 
2458723.435038 0.978683 0.003412 
2458723.435304 0.988347 0.003514 
2458723.435559 0.982058 0.003425 
2458723.435825 0.974936 0.003417 
2458723.436080 0.989721 0.003486 
2458723.436346 0.973402 0.003368 
2458723.436612 0.988143 0.003498 
2458723.436867 0.977990 0.003408 
2458723.437133 0.982988 0.003427 
2458723.437399 0.982627 0.003424 
2458723.437654 0.980410 0.003421 
2458723.437920 0.983212 0.003471 
2458723.438186 0.979650 0.003414 
2458723.438441 0.977049 0.003438 
2458723.438707 0.982335 0.003479 
2458723.438973 0.984025 0.003431 
2458723.439228 0.983333 0.003408 
2458723.439494 0.977769 0.003397 
2458723.439748 0.977390 0.003424 
2458723.440015 0.985860 0.003488 
2458723.440281 0.982781 0.003573 
2458723.441322 0.982748 0.003558 
2458723.441589 0.976687 0.003481 
2458723.441843 0.983229 0.003479 
2458723.442110 0.979272 0.003456 
2458723.442376 0.980390 0.003504 
2458723.442630 0.987586 0.003573 
2458723.442897 0.985768 0.003493 
2458723.443163 0.979560 0.003475 
2458723.443417 0.976875 0.003465 
2458723.443684 0.979221 0.003437 
2458723.443950 0.984131 0.003537 
2458723.444204 0.982645 0.003605 
2458723.444471 0.982803 0.003597 
2458723.444725 0.978674 0.003524 
2458723.446959 0.987650 0.003799 
2458723.447214 0.979392 0.003661 
2458723.447480 0.982992 0.003703 
2458723.447746 0.983689 0.003684 
2458723.448001 0.976927 0.003663 
2458723.448267 0.976363 0.003637 
2458723.448533 0.986042 0.003683 
2458723.448788 0.987230 0.003646 
2458723.449054 0.983066 0.003601 
2458723.449320 0.983843 0.003671 
2458723.449575 0.980001 0.003711 
2458723.450095 0.988505 0.003706 
2458723.450362 0.978234 0.003610 
2458723.450628 0.980515 0.003655 
2458723.451669 0.976392 0.003447 
2458723.451936 0.987018 0.003554 
2458723.452456 0.974026 0.003690 
2458723.452723 0.986581 0.003727 
2458723.452989 0.991525 0.003845 
2458723.453243 0.985452 0.003765 
2458723.453510 0.976429 0.003680 
2458723.453776 0.988827 0.003754 
2458723.454042 0.981085 0.003718 
2458723.454563 0.980077 0.003700 
2458723.454829 0.990982 0.003794 
2458723.455361 0.978650 0.003486 
2458723.455882 0.983328 0.003739 
2458723.456148 0.983791 0.003795 
2458723.458243 0.983866 0.003764 
2458723.458509 0.985485 0.003843 
2458723.458776 0.986026 0.003799 
2458723.459030 0.984471 0.003874 
2458723.460176 0.980191 0.003778 
2458723.460442 0.992286 0.003811 
2458723.460697 0.981420 0.003758 
2458723.460963 0.977977 0.003719 
2458723.461229 0.990328 0.003863 
2458723.461484 0.995833 0.003860 
2458723.461750 0.985060 0.003783 
2458723.462005 0.981897 0.003787 
2458723.462271 0.997009 0.004139 
2458723.462537 0.980678 0.003805 
2458723.462803 0.997799 0.003904 
2458723.463069 0.976515 0.003812 
2458723.463324 0.995471 0.003851 
2458723.463579 0.982916 0.003845 
2458723.463845 0.992998 0.003838 
2458723.464111 0.983014 0.003811 
2458723.464377 0.995324 0.003900 
2458723.465106 0.982792 0.003782 
2458723.465373 0.991827 0.003843 
2458723.465639 0.992224 0.003897 
2458723.466160 0.983761 0.003837 
2458723.466426 1.003237 0.003971 
2458723.466680 0.997054 0.003938 
2458723.466947 0.980605 0.003819 
2458723.467201 0.991626 0.003890 
2458723.467468 0.999654 0.003984 
2458723.467734 0.986630 0.003890 
2458723.468000 0.988098 0.003848 
2458723.468255 1.001324 0.004020 
2458723.468521 0.994050 0.003967 
2458723.468787 0.990396 0.003926 
2458723.469053 0.993382 0.003924 
2458723.469308 0.996651 0.003941 
2458723.469574 0.989731 0.003922 
2458723.469840 0.992824 0.003944 
2458723.470095 0.997180 0.004006 
2458723.470627 0.998692 0.003954 
2458723.470882 0.999843 0.003995 
2458723.471148 0.994900 0.004000 
2458723.471414 0.992888 0.003956 
2458723.471669 0.998154 0.003990 
2458723.471935 0.995698 0.003945 
2458723.472201 0.988014 0.003926 
2458723.472467 1.007934 0.004017 
2458723.472722 0.992207 0.003894 
2458723.472988 1.002232 0.003967 
2458723.473254 0.992176 0.003986 
2458723.473509 0.996730 0.003990 
2458723.473775 1.000669 0.003998 
2458723.474041 0.995071 0.004051 
2458723.474296 0.995515 0.004011 
2458723.474562 1.004679 0.004064 
2458723.474828 1.001252 0.004047 
2458723.475095 1.001778 0.004039 
2458723.475349 0.994587 0.003952 
2458723.475615 1.001628 0.003995 
2458723.475882 0.994579 0.004036 
2458723.476148 1.000220 0.004061 
2458723.476402 0.994149 0.003988 
2458723.476669 1.004103 0.004038 
2458723.476935 1.005234 0.004031 
2458723.477456 0.992413 0.003951 
2458723.477722 1.001904 0.004042 
2458723.477988 0.997235 0.004056 
2458723.478243 1.000799 0.004111 
2458723.478509 0.996337 0.004073 
2458723.478763 0.996329 0.004074 
2458723.479030 1.005402 0.004073 
2458723.479284 1.004199 0.004133 
2458723.479550 1.001780 0.004065 
2458723.479817 0.999992 0.004086 
2458723.480083 0.998936 0.004080 
2458723.480337 0.998215 0.004104 
2458723.480604 1.002665 0.004090 
2458723.480858 0.995317 0.004045 
2458723.481379 0.999381 0.004112 
2458723.481645 1.005400 0.004121 
2458723.481911 0.995644 0.004084 
2458723.482652 1.003489 0.004168 
2458723.482907 0.995827 0.004085 
2458723.483173 0.997770 0.004172 
2458723.483428 1.005138 0.004127 
2458723.483960 1.003834 0.004115 
2458723.484226 0.996226 0.004137 
2458723.484481 0.998004 0.004145 
2458723.484747 1.000753 0.004098 
2458723.485013 0.995080 0.004040 
2458723.485268 1.003921 0.004126 
2458723.485534 0.995516 0.004049 
2458723.485800 1.007180 0.004154 
2458723.486055 0.998384 0.004118 
2458723.486321 0.999822 0.004140 
2458723.486576 1.003297 0.004114 
2458723.486842 0.992767 0.004133 
2458723.487108 1.006128 0.004079 
2458723.487363 0.996357 0.004121 
2458723.487629 0.995771 0.004120 
2458723.487895 1.000931 0.004116 
2458723.488161 1.004867 0.004203 
2458723.488427 0.992016 0.004157 
2458723.488694 1.007850 0.004291 
2458723.489215 0.998388 0.004109 
2458723.489481 1.007360 0.004185 
2458723.489735 0.991759 0.004150 
2458723.490002 1.000728 0.004157 
2458723.490522 1.002608 0.004196 
2458723.490789 0.997643 0.004188 
2458723.491043 0.993316 0.004143 
2458723.491309 1.006900 0.004172 
2458723.491564 0.999645 0.004196 
2458723.491830 1.003179 0.004267 
2458723.492096 0.996871 0.004225 
2458723.492351 1.009329 0.004224 
2458723.492617 0.990728 0.004115 
2458723.492883 0.997883 0.004165 
2458723.493138 1.003114 0.004235 
2458723.493404 1.003448 0.004343 
2458723.493659 0.991779 0.004231 
2458723.493925 1.003934 0.004294 
2458723.494191 1.002475 0.004367 
2458723.494457 0.998653 0.004297 
2458723.494712 0.996133 0.004276 
2458723.495244 1.001770 0.004324 
2458723.495499 0.997884 0.004362 
2458723.495765 1.003021 0.004333 
2458723.496020 1.008077 0.004419 
2458723.496286 0.993701 0.004382 
2458723.496541 0.998176 0.004376 
2458723.496807 1.000389 0.004309 
2458723.497073 1.002016 0.004370 
2458723.497328 0.993417 0.004360 
2458723.497594 1.006492 0.004351 
2458723.497860 1.004417 0.004329 
2458723.498126 1.004748 0.004364 
2458723.498381 0.991373 0.004209 
2458723.498647 0.994956 0.004280 
2458723.498913 1.002609 0.004309 
2458723.499168 0.996805 0.004258 
2458723.499434 0.991752 0.004334 
2458723.499689 1.014285 0.004512 
2458723.499955 0.990128 0.004356 
2458723.500221 1.005524 0.004406 
2458723.500476 0.998231 0.004436 
2458723.500742 1.008884 0.004443 
2458723.501008 0.996443 0.004372 
2458723.501263 1.002119 0.004387 
2458723.501529 1.001808 0.004481 
2458723.501795 0.994693 0.004345 
2458723.502050 0.998064 0.004439 
2458723.502316 1.004627 0.004437 
2458723.502582 0.997361 0.004390 
2458723.502848 1.002551 0.004495 
2458723.503103 0.998157 0.004491 
2458723.503635 0.995787 0.004408 
2458723.503902 1.001683 0.004431 
2458723.504422 0.999278 0.004461 
2458723.504689 1.005703 0.004470 
2458723.504955 0.997451 0.004393 
2458723.505487 0.990132 0.004502 
2458723.505742 1.003324 0.004504 
2458723.506008 1.001099 0.004550 
2458723.506274 1.006285 0.004536 
2458723.506540 0.995815 0.004504 
2458723.506807 1.004307 0.004612 
2458723.507061 1.005144 0.004666 
2458723.507327 0.991187 0.004488 
2458723.507582 0.998446 0.004553 
2458723.507848 1.002152 0.004657 
2458723.508635 1.002092 0.004731 
2458723.508890 1.001273 0.004616 
2458723.509156 1.003241 0.004629 
2458723.509422 0.998397 0.004606 
2458723.509688 1.002722 0.004678 
2458723.509943 0.994216 0.004587 
2458723.510209 1.000890 0.004674 
2458723.510475 0.993309 0.004668 
2458723.510730 1.001023 0.004673 
2458723.510996 1.002096 0.004713 
2458723.511262 1.004064 0.004754 
2458723.511529 1.004148 0.004784 
2458723.511783 0.987362 0.004649 
2458723.512049 1.002135 0.004702 
2458723.512304 1.009603 0.004857 
2458723.512582 1.000779 0.004760 
2458723.512848 0.984435 0.004654 
2458723.513357 1.008398 0.004828 
2458723.513623 0.998070 0.004758 
2458723.513890 1.007295 0.004813 
2458723.514156 0.999307 0.004839 
2458723.514677 0.999171 0.004763 
2458723.514943 1.006092 0.004855 
2458723.515209 0.992047 0.004694 
2458723.515475 1.004872 0.004940 
2458723.515741 0.989236 0.004775 
2458723.515996 1.014099 0.004918 
2458723.516517 0.998253 0.004793 
2458723.516783 0.992254 0.004800 
2458723.517049 1.008077 0.004885 
2458723.517304 0.993830 0.004766 
2458723.517836 0.995956 0.004814 
2458723.518091 1.001684 0.004845 
2458723.518357 0.999693 0.004878 
2458723.518623 1.000976 0.004932 
2458723.518878 1.006673 0.004968 
2458723.519144 0.989442 0.004877 
2458723.519410 1.003882 0.004976 
2458723.519665 1.003082 0.005007 
2458723.519931 1.003968 0.005069 
2458723.520464 0.996104 0.004916 
2458723.520984 1.003619 0.005055 
2458723.521251 0.996841 0.005012 
2458723.521505 0.998174 0.005018 
2458723.521771 0.993857 0.005020 
2458723.522038 1.000704 0.005025 
2458723.522292 1.007337 0.005269 
2458723.522570 0.998443 0.005043 
2458723.522825 0.996147 0.005161 
2458723.523091 1.008333 0.005175 
2458723.523357 0.992833 0.005078 
2458723.523878 1.003343 0.005185 
