Title: WASP-74 T100 Light Curve on 2020-08-27
Authors: Basturk et al. (2021)
Table:
================================================================================
Byte-by-byte Description of file: wasp74_20200827_T100.txt
--------------------------------------------------------------------------------
   Bytes Format Units Label    Explanations
--------------------------------------------------------------------------------
   1- 14 F14.6  d       BJD-TDB  Barycentric Dynamical Time in Julian Days
  16- 23 F8.6   ---     Flux     Normalized Flux
  25- 32 F8.6   ---     FluxErr  Error in Normalized Flux Units
--------------------------------------------------------------------------------
Note (1):   Passband: Bessel-R
Note (2):   ***OR REMOVE THIS SECTION***
--------------------------------------------------------------------------------
2459089.245560 0.999592 0.000622 
2459089.247533 0.998325 0.000612 
2459089.249507 1.001573 0.000579 
2459089.251538 1.001787 0.000575 
2459089.253570 1.000316 0.000572 
2459089.255607 0.997131 0.000562 
2459089.257589 0.998680 0.000562 
2459089.263508 0.996022 0.000589 
2459089.265482 0.996396 0.000570 
2459089.267455 0.996919 0.000601 
2459089.269432 0.996825 0.000583 
2459089.271408 0.993603 0.000565 
2459089.273381 0.991342 0.000613 
2459089.275355 0.990534 0.000578 
2459089.277330 0.993260 0.000561 
2459089.279305 0.991943 0.000563 
2459089.283260 0.990419 0.000551 
2459089.287214 0.992229 0.000545 
2459089.289190 0.993806 0.000523 
2459089.291163 0.993943 0.000515 
2459089.293137 0.991713 0.000513 
2459089.295109 0.994900 0.000517 
2459089.297079 0.993947 0.000514 
2459089.299051 0.992981 0.000505 
2459089.301021 0.992422 0.000502 
2459089.302989 0.991746 0.000509 
2459089.304954 0.991428 0.000503 
2459089.306923 0.994889 0.000498 
2459089.308893 0.991773 0.000489 
2459089.310861 0.992332 0.000492 
2459089.312832 0.992570 0.000492 
2459089.314802 0.992762 0.000484 
2459089.316773 0.993393 0.000482 
2459089.318747 0.992342 0.000478 
2459089.320718 0.991620 0.000482 
2459089.322685 0.991702 0.000480 
2459089.324659 0.993925 0.000474 
2459089.326627 0.993563 0.000478 
2459089.328598 0.997463 0.000482 
2459089.330570 0.996033 0.000484 
2459089.332544 0.996478 0.000485 
2459089.334516 0.997700 0.000492 
2459089.336489 1.000227 0.000497 
2459089.338463 0.999003 0.000493 
2459089.340441 0.999903 0.000493 
2459089.342414 0.999319 0.000489 
2459089.344387 0.998510 0.000492 
2459089.346358 1.001969 0.000497 
2459089.348326 1.003228 0.000495 
2459089.350292 1.001341 0.000492 
2459089.352267 0.999877 0.000490 
2459089.354241 0.998628 0.000490 
2459089.356217 1.000062 0.000492 
2459089.358190 1.000449 0.000489 
2459089.360163 1.001126 0.000495 
2459089.362137 0.998754 0.000507 
2459089.364109 0.998512 0.000506 
2459089.366084 1.001538 0.000514 
2459089.368057 1.001367 0.000515 
2459089.370031 1.000006 0.000513 
2459089.372006 0.999800 0.000520 
2459089.373979 1.000971 0.000527 
2459089.375954 0.999152 0.000542 
2459089.377923 1.000371 0.000546 
2459089.379891 1.001551 0.000543 
2459089.381859 1.000576 0.000547 
2459089.383826 1.000120 0.000554 
2459089.385794 1.000482 0.000563 
2459089.387762 1.000441 0.000561 
