Title: WASP-103 T100 Light Curve on 2017-06-11
Authors: Basturk et al. (2021)
Table:
================================================================================
Byte-by-byte Description of file: wasp103_20170611_T100.txt
--------------------------------------------------------------------------------
   Bytes Format Units Label    Explanations
--------------------------------------------------------------------------------
   1- 14 F14.6  d       BJD-TDB  Barycentric Dynamical Time in Julian Days
  16- 23 F8.6   ---     Flux     Normalized Flux
  25- 32 F8.6   ---     FluxErr  Error in Normalized Flux Units
--------------------------------------------------------------------------------
Note (1):   Passband: Bessel-R
Note (2):   ***OR REMOVE THIS SECTION***
--------------------------------------------------------------------------------
2457916.327187 0.996104 0.002977 
2457916.329217 1.001793 0.002989 
2457916.333290 1.003627 0.007249 
2457916.335320 0.997429 0.002918 
2457916.337355 1.005413 0.002908 
2457916.339388 1.002868 0.002879 
2457916.341426 1.003852 0.002908 
2457916.343462 1.000055 0.002747 
2457916.345487 0.997949 0.002705 
2457916.347518 1.002383 0.002692 
2457916.349543 0.997154 0.002608 
2457916.351568 0.998044 0.002573 
2457916.353596 0.997361 0.002540 
2457916.355626 0.998141 0.002560 
2457916.357650 0.996941 0.002556 
2457916.359674 0.991869 0.002588 
2457916.361704 0.993472 0.002592 
2457916.363730 0.988892 0.002576 
2457916.365758 0.990874 0.002572 
2457916.367786 0.984733 0.002517 
2457916.369813 0.987617 0.002472 
2457916.371837 0.986040 0.002269 
2457916.373866 0.987767 0.001992 
2457916.375904 0.989316 0.001998 
2457916.377942 0.987069 0.001985 
2457916.379978 0.988738 0.001966 
2457916.382016 0.985484 0.001960 
2457916.384055 0.986452 0.001963 
2457916.386094 0.986231 0.001924 
2457916.388138 0.986934 0.001927 
2457916.390176 0.983205 0.001911 
2457916.392216 0.990202 0.001921 
2457916.394260 0.985169 0.001927 
2457916.396297 0.987950 0.001924 
2457916.398339 0.985576 0.001924 
2457916.400381 0.983772 0.001911 
2457916.402420 0.986360 0.001905 
2457916.404458 0.983698 0.001886 
2457916.406498 0.986806 0.001869 
2457916.408538 0.984894 0.001860 
2457916.410583 0.986866 0.001860 
2457916.412634 0.986773 0.001834 
2457916.414686 0.985195 0.001812 
2457916.416733 0.983457 0.001812 
2457916.418778 0.986681 0.002150 
2457916.420815 0.987848 0.002118 
2457916.422855 0.987671 0.002128 
2457916.424891 0.984377 0.002131 
2457916.426931 0.991624 0.002108 
2457916.428976 0.982151 0.002086 
2457916.431023 0.985528 0.002060 
2457916.433066 0.990282 0.002073 
2457916.435108 0.983367 0.002067 
2457916.437143 0.986510 0.002067 
2457916.439181 0.988713 0.002067 
2457916.441219 0.986357 0.002051 
2457916.443265 0.988421 0.002051 
2457916.445301 0.989004 0.002057 
2457916.447343 0.988502 0.002054 
2457916.449386 0.986976 0.002057 
2457916.451429 0.990149 0.002051 
2457916.453463 0.990178 0.002057 
2457916.455502 0.992845 0.002074 
2457916.457536 0.997916 0.002064 
2457916.459573 0.996305 0.002077 
2457916.461610 1.000557 0.002080 
2457916.463647 0.998699 0.002097 
2457916.465681 1.000200 0.002090 
2457916.467716 1.001970 0.002094 
2457916.469753 1.003837 0.002113 
2457916.471794 0.998363 0.002104 
2457916.473831 0.997780 0.002094 
2457916.475869 0.998725 0.002097 
2457916.477910 1.002991 0.002117 
2457916.479950 0.996923 0.002094 
2457916.481984 1.002531 0.002098 
2457916.485904 1.001045 0.002108 
2457916.487945 0.999400 0.002105 
2457916.492035 0.999444 0.002111 
2457916.494072 0.997937 0.002105 
2457916.496114 1.000669 0.002125 
2457916.498150 1.000022 0.002160 
2457916.500188 0.996977 0.002131 
2457916.502230 1.001019 0.002157 
2457916.504271 1.001623 0.002555 
2457916.506309 1.002297 0.002555 
2457916.508347 1.003036 0.002578 
2457916.510392 0.998286 0.002565 
2457916.512438 1.002276 0.002569 
2457916.514476 0.996049 0.002592 
2457916.516562 1.000360 0.002595 
2457916.518598 0.997697 0.002622 
2457916.520636 1.000799 0.002664 
2457916.522673 1.001780 0.002677 
2457916.524717 1.003433 0.002781 
2457916.526759 1.000155 0.003296 
2457916.528800 0.995642 0.002717 
2457916.530845 1.000547 0.002653 
2457916.532886 1.001709 0.002702 
2457916.534928 0.998404 0.002699 
2457916.536972 0.999899 0.002780 
2457916.541062 1.001907 0.002976 
2457916.543103 0.998146 0.002847 
2457916.545142 0.998921 0.002789 
2457916.547182 1.000845 0.002793 
2457916.549226 1.001187 0.002832 
2457916.551270 1.004268 0.002836 
2457916.553308 0.996529 0.002885 
2457916.555346 1.000765 0.002938 
2457916.557384 0.994355 0.002968 
2457916.559427 1.004867 0.003069 
2457916.561466 1.001300 0.003138 
2457916.563516 0.995472 0.003207 
2457916.565560 1.002673 0.003377 
2457916.569644 1.000236 0.003733 
2457916.571687 1.001388 0.004118 
2457916.573728 0.998905 0.004624 
