Title: WASP-103 T100 Light Curve on 2014-05-30
Authors: Basturk et al. (2021)
Table:
================================================================================
Byte-by-byte Description of file: wasp103_20140530_T100.txt
--------------------------------------------------------------------------------
   Bytes Format Units Label    Explanations
--------------------------------------------------------------------------------
   1- 14 F14.6  d       BJD-TDB  Barycentric Dynamical Time in Julian Days
  16- 23 F8.6   ---     Flux     Normalized Flux
  25- 32 F8.6   ---     FluxErr  Error in Normalized Flux Units
--------------------------------------------------------------------------------
Note (1):   Passband: Bessel-R
Note (2):   ***OR REMOVE THIS SECTION***
--------------------------------------------------------------------------------
2456808.456063 1.000085 0.000722 
2456808.459295 0.999471 0.000722 
2456808.463257 1.000870 0.000730 
2456808.468483 0.999533 0.000728 
2456808.470681 0.999926 0.000730 
2456808.472875 0.999894 0.000730 
2456808.475078 0.999307 0.000733 
2456808.477286 1.000801 0.000736 
2456808.480324 0.994781 0.000733 
2456808.482529 0.992617 0.000733 
2456808.484736 0.991057 0.000733 
2456808.486946 0.989532 0.000736 
2456808.489141 0.988796 0.000739 
2456808.491650 0.987343 0.000739 
2456808.493857 0.988809 0.000742 
2456808.496055 0.986211 0.000742 
2456808.498264 0.987827 0.000747 
2456808.500471 0.986568 0.000747 
2456808.503046 0.987790 0.000756 
2456808.505244 0.986322 0.000747 
2456808.507441 0.987936 0.000753 
2456808.509650 0.985978 0.000750 
2456808.511852 0.986089 0.000750 
2456808.516209 0.985456 0.000756 
2456808.518409 0.985879 0.000756 
2456808.520618 0.986629 0.000756 
2456808.522822 0.985633 0.000756 
2456808.525019 0.986867 0.000753 
2456808.527415 0.985617 0.000759 
2456808.529622 0.985777 0.000759 
2456808.531818 0.986139 0.000759 
2456808.534022 0.985619 0.000764 
2456808.536226 0.986975 0.000773 
2456808.538785 0.984849 0.000770 
2456808.540988 0.986788 0.000770 
2456808.543194 0.987097 0.000776 
2456808.545396 0.985920 0.000770 
2456808.547603 0.987382 0.000773 
2456808.550016 0.986108 0.000778 
2456808.552218 0.985949 0.000778 
2456808.554417 0.985707 0.000784 
2456808.556622 0.986117 0.000795 
2456808.558831 0.986850 0.000809 
2456808.561457 0.987183 0.000826 
2456808.563666 0.988586 0.000863 
2456808.565876 0.987641 0.000905 
2456808.568090 0.988882 0.000978 
2456808.570305 0.988300 0.001079 
2456808.572630 0.989032 0.001211 
2456808.574835 0.992092 0.001414 
2456808.577046 0.991426 0.001667 
2456808.579246 0.991094 0.002043 
2456808.581445 0.998520 0.002552 
