Title: HAT-P-56 T35 Light Curve on 2019-02-17
Authors: Basturk et al. (2021)
Table:
================================================================================
Byte-by-byte Description of file: hatp56_20190217_T35.txt
--------------------------------------------------------------------------------
   Bytes Format Units Label    Explanations
--------------------------------------------------------------------------------
   1- 14 F14.6  d       BJD-TDB  Barycentric Dynamical Time in Julian Days
  16- 23 F8.6   ---     Flux     Normalized Flux
  25- 32 F8.6   ---     FluxErr  Error in Normalized Flux Units
--------------------------------------------------------------------------------
Note (1):   Passband: Bessel-R
Note (2):   ***OR REMOVE THIS SECTION***
--------------------------------------------------------------------------------
2458532.217375 1.004586 0.004351 
2458532.217931 1.000449 0.004458 
2458532.218486 1.002993 0.004390 
2458532.220130 1.002993 0.004360 
2458532.220685 1.004664 0.004363 
2458532.221241 1.003671 0.004333 
2458532.222352 0.994181 0.004300 
2458532.222907 0.993700 0.004359 
2458532.223451 1.002373 0.004260 
2458532.224007 0.997680 0.004290 
2458532.224562 0.998898 0.004264 
2458532.225118 1.004131 0.004358 
2458532.225662 1.001895 0.004322 
2458532.226217 0.999792 0.004433 
2458532.226773 1.004606 0.004269 
2458532.227317 0.993935 0.004284 
2458532.227872 1.000269 0.004304 
2458532.228428 0.998325 0.004353 
2458532.228972 0.994157 0.004304 
2458532.229527 0.993504 0.004293 
2458532.230083 0.994901 0.004330 
2458532.230627 0.997875 0.004264 
2458532.231726 0.996948 0.004332 
2458532.232825 1.001235 0.004262 
2458532.233381 1.002443 0.004282 
2458532.233936 1.007486 0.004276 
2458532.234492 0.997216 0.004248 
2458532.235036 1.005019 0.004272 
2458532.236135 1.001503 0.004272 
2458532.236691 0.998555 0.004298 
2458532.237246 0.998956 0.004215 
2458532.238357 1.004092 0.004243 
2458532.238913 1.000717 0.004477 
2458532.239457 0.997574 0.004307 
2458532.240568 1.001927 0.004266 
2458532.241123 0.997493 0.004203 
2458532.241679 0.997082 0.004303 
2458532.242223 1.001594 0.004222 
2458532.242778 0.999075 0.004286 
2458532.243322 1.005693 0.004222 
2458532.243878 0.997631 0.004188 
2458532.244433 1.005422 0.004250 
2458532.244977 1.001413 0.004225 
2458532.245533 0.995917 0.004202 
2458532.246088 1.001548 0.004189 
2458532.246632 0.997243 0.004362 
2458532.247188 1.000531 0.004174 
2458532.247743 0.999961 0.004189 
2458532.248287 0.999485 0.004187 
2458532.248843 0.995737 0.004496 
2458532.249387 0.994677 0.004162 
2458532.249942 1.001269 0.004288 
2458532.250498 0.997427 0.004258 
2458532.251053 0.998028 0.004169 
2458532.251597 1.004557 0.004198 
2458532.252153 0.998432 0.004222 
2458532.252708 1.007373 0.004199 
2458532.253252 0.993874 0.004158 
2458532.253808 0.997580 0.004165 
2458532.254363 1.006708 0.004216 
2458532.256018 1.002748 0.004312 
2458532.256562 0.996930 0.004182 
2458532.257118 1.001855 0.004172 
2458532.257673 1.005044 0.004161 
2458532.258217 1.005705 0.004176 
2458532.258773 0.999139 0.004234 
2458532.259872 0.998578 0.004925 
2458532.260416 0.996152 0.004208 
2458532.260971 0.998831 0.004189 
2458532.261527 1.007886 0.004289 
2458532.262082 0.999542 0.004688 
2458532.263182 1.000241 0.004239 
2458532.263737 1.005637 0.004799 
2458532.264293 0.997415 0.004258 
2458532.264848 1.002424 0.004237 
2458532.265404 1.001157 0.004168 
2458532.265948 1.000260 0.004205 
2458532.267059 0.997848 0.004356 
2458532.267603 1.005534 0.004213 
2458532.268158 0.994034 0.004275 
2458532.268714 0.999943 0.004361 
2458532.269258 1.004955 0.004376 
2458532.269813 0.996940 0.004488 
2458532.270369 0.994349 0.004224 
2458532.270913 1.006157 0.004544 
2458532.271468 0.988633 0.004322 
2458532.272012 1.002751 0.004220 
2458532.272568 0.996517 0.004372 
2458532.273123 0.997504 0.004529 
2458532.273679 0.990338 0.004297 
2458532.274223 0.997855 0.004224 
2458532.274778 1.001057 0.004227 
2458532.275334 0.990444 0.004436 
2458532.275878 1.001298 0.004278 
2458532.276422 0.998434 0.004374 
2458532.276977 1.004097 0.004335 
2458532.277533 0.996090 0.004261 
2458532.278088 0.999682 0.004248 
2458532.278644 0.991363 0.004276 
2458532.279188 0.997474 0.004321 
2458532.279743 0.999140 0.004344 
2458532.280299 0.998071 0.004286 
2458532.280843 0.994721 0.004252 
2458532.281387 0.991525 0.004344 
2458532.281942 0.994611 0.004306 
2458532.282498 0.997398 0.004325 
2458532.283053 0.992580 0.004370 
2458532.283609 0.986222 0.004331 
2458532.284164 0.995888 0.004233 
2458532.284720 0.987315 0.004517 
2458532.285264 0.996781 0.004329 
2458532.285819 0.990805 0.004295 
2458532.286363 0.995746 0.004374 
2458532.286930 0.993363 0.004325 
2458532.287474 0.991879 0.004415 
2458532.288018 0.984043 0.004280 
2458532.288574 0.997911 0.004485 
2458532.289129 0.988833 0.004468 
2458532.289685 0.989276 0.004310 
2458532.290229 0.989665 0.004323 
2458532.291340 0.991378 0.004348 
2458532.291895 0.990257 0.004323 
2458532.292439 0.986874 0.004557 
2458532.292995 0.995448 0.004355 
2458532.293538 0.984903 0.004254 
2458532.294094 0.993887 0.004242 
2458532.294649 0.995717 0.004244 
2458532.295193 1.000571 0.004322 
2458532.295749 0.991777 0.004316 
2458532.296293 0.997458 0.004258 
2458532.296848 0.988266 0.004216 
2458532.297404 0.996545 0.004380 
2458532.297959 0.989632 0.004307 
2458532.298503 0.983764 0.004275 
2458532.299059 0.993037 0.004277 
2458532.299614 0.992573 0.004269 
2458532.300158 0.990654 0.004425 
2458532.300714 0.985576 0.004194 
2458532.301258 0.984750 0.004318 
2458532.301825 0.987594 0.004269 
2458532.302380 0.995922 0.004286 
2458532.302924 0.991718 0.004234 
2458532.303480 0.991541 0.004409 
2458532.304035 0.987589 0.004279 
2458532.304591 0.990265 0.004349 
2458532.305146 0.993860 0.004309 
2458532.305690 0.997231 0.004320 
2458532.306246 0.989720 0.004290 
2458532.306790 0.990340 0.004377 
2458532.307345 0.995433 0.004347 
2458532.307901 0.984986 0.004307 
2458532.308445 0.992602 0.004383 
2458532.309000 0.989546 0.004294 
2458532.309556 0.982163 0.004311 
2458532.310100 0.988885 0.004387 
2458532.310655 0.994105 0.004360 
2458532.311211 0.982808 0.004321 
2458532.311755 0.996069 0.004413 
2458532.312310 0.986581 0.004393 
2458532.312854 0.994247 0.004519 
2458532.313410 0.987766 0.004481 
2458532.313965 0.993930 0.004449 
2458532.314509 0.984945 0.004389 
2458532.315065 0.992700 0.004461 
2458532.315609 0.993107 0.004404 
2458532.316164 0.986381 0.004574 
2458532.316720 0.986671 0.004412 
2458532.317275 0.988334 0.004412 
2458532.317819 0.993515 0.004380 
2458532.318375 0.981934 0.004427 
2458532.318930 0.995968 0.004445 
2458532.319486 0.988961 0.004396 
2458532.320041 0.987884 0.004384 
2458532.320585 0.993956 0.004507 
2458532.321141 0.991932 0.004441 
2458532.321696 0.992862 0.004439 
2458532.322252 0.989457 0.004453 
2458532.322807 0.992160 0.004440 
2458532.323351 0.995866 0.004575 
2458532.323907 0.989028 0.004500 
2458532.324462 0.989615 0.004489 
2458532.325006 0.989009 0.004453 
2458532.325562 0.993957 0.004491 
2458532.326105 0.991025 0.004614 
2458532.326661 0.996274 0.004269 
2458532.327772 0.986530 0.004295 
2458532.328328 0.995250 0.004401 
2458532.328871 0.989130 0.004350 
2458532.329427 0.991601 0.004414 
2458532.329983 0.991333 0.004401 
2458532.330526 0.993565 0.004486 
2458532.331082 0.996264 0.004577 
2458532.331637 0.990627 0.004543 
2458532.332181 0.987499 0.004785 
2458532.332737 0.991414 0.004483 
2458532.333292 0.991005 0.004498 
2458532.333836 0.990939 0.004529 
2458532.334392 0.995260 0.004461 
2458532.334947 0.993436 0.004625 
2458532.335491 0.984690 0.004450 
2458532.336047 0.988902 0.004540 
2458532.336602 0.999285 0.004507 
2458532.337146 0.996415 0.004511 
2458532.337702 0.988890 0.004503 
2458532.338257 1.001815 0.004622 
2458532.338801 0.990649 0.004477 
2458532.339357 0.990634 0.004441 
2458532.339901 0.992736 0.004564 
2458532.340456 0.996339 0.004476 
2458532.341012 1.000096 0.004572 
2458532.341556 0.994549 0.004599 
2458532.342111 0.999298 0.004585 
2458532.342667 0.993307 0.004523 
2458532.343222 0.991593 0.004707 
2458532.343766 0.991309 0.004582 
2458532.344322 0.998305 0.004548 
2458532.344877 0.988570 0.004824 
2458532.345433 1.001959 0.006552 
2458532.345977 0.997203 0.004602 
2458532.346532 0.993068 0.004555 
2458532.347088 0.996942 0.004579 
2458532.347643 0.997693 0.004716 
2458532.348199 1.001953 0.004548 
2458532.348754 1.003820 0.004531 
2458532.350409 0.998802 0.004547 
2458532.350953 0.996880 0.004528 
2458532.351509 0.998949 0.004587 
2458532.352620 0.996037 0.004638 
2458532.353719 0.996743 0.004676 
2458532.354275 0.997624 0.004595 
2458532.354830 0.993890 0.004641 
2458532.355374 0.994214 0.004573 
2458532.355930 0.997803 0.004603 
2458532.356474 0.996091 0.004524 
2458532.357029 0.995958 0.004606 
2458532.357573 0.999586 0.004559 
2458532.358129 1.003736 0.004616 
2458532.358684 0.998482 0.004661 
2458532.359240 0.999661 0.004595 
2458532.359795 1.001421 0.004624 
2458532.360351 0.996077 0.004605 
2458532.360906 1.000429 0.004683 
2458532.361450 1.005539 0.004570 
2458532.362006 1.000140 0.004655 
2458532.362561 1.003746 0.004608 
2458532.363105 0.994514 0.004814 
2458532.363661 1.002787 0.004548 
2458532.364216 0.998825 0.004665 
2458532.364760 1.001604 0.004590 
2458532.365316 0.995918 0.004558 
2458532.365871 0.992025 0.004666 
2458532.366415 0.994994 0.004640 
2458532.366970 1.003622 0.004674 
2458532.367526 1.004105 0.004661 
2458532.368070 1.001129 0.005642 
2458532.368625 0.998511 0.004709 
2458532.369181 0.995758 0.004688 
2458532.369725 0.995549 0.004709 
2458532.370280 0.993896 0.004727 
2458532.370836 1.000461 0.004797 
2458532.371380 1.007584 0.004833 
2458532.371935 1.002534 0.004750 
2458532.372479 1.001704 0.004794 
2458532.373035 1.003175 0.004709 
2458532.373579 0.998450 0.004802 
2458532.374134 0.998918 0.004978 
2458532.374690 1.003931 0.004860 
2458532.375245 1.003199 0.004756 
2458532.375789 0.993322 0.004682 
2458532.376345 0.994025 0.004807 
2458532.376900 1.006326 0.004770 
2458532.377456 1.000833 0.004846 
2458532.378000 1.004228 0.004759 
2458532.378555 1.005046 0.004801 
2458532.379111 0.999884 0.004718 
2458532.379655 0.997532 0.004895 
2458532.380210 0.997768 0.004872 
2458532.380766 1.003520 0.004884 
2458532.381321 0.997098 0.004744 
2458532.381877 0.992574 0.004981 
2458532.382421 0.991287 0.004938 
2458532.382976 0.993873 0.004794 
2458532.383532 0.994845 0.004800 
2458532.384076 1.001498 0.004844 
2458532.384631 0.993776 0.004822 
2458532.385187 1.006200 0.004779 
2458532.385731 0.998804 0.004948 
2458532.386286 1.001158 0.004830 
2458532.386830 1.002723 0.004965 
2458532.387386 0.998908 0.004920 
2458532.387941 1.005152 0.004930 
2458532.388485 0.997979 0.005158 
2458532.389041 0.995145 0.005009 
2458532.390140 0.997431 0.004920 
2458532.390696 0.996832 0.004959 
2458532.391239 1.000110 0.004915 
2458532.391795 0.999298 0.004889 
2458532.392339 1.005379 0.004981 
2458532.392894 1.008449 0.004966 
2458532.393450 1.004991 0.004890 
2458532.393994 0.999877 0.004889 
2458532.394549 1.005303 0.004935 
2458532.395105 0.996045 0.004939 
2458532.395660 0.995391 0.005084 
2458532.396204 1.003742 0.004978 
2458532.396760 1.000983 0.005028 
2458532.397315 1.001258 0.005003 
2458532.397871 1.001549 0.005167 
2458532.398426 1.002655 0.005198 
2458532.398970 0.998448 0.004980 
2458532.399526 0.999461 0.005121 
2458532.400081 0.995083 0.004945 
2458532.400637 0.995926 0.005055 
2458532.401192 0.998891 0.005098 
2458532.401748 1.006604 0.005083 
2458532.402303 1.000760 0.005125 
2458532.402859 0.997227 0.005167 
2458532.403415 1.003458 0.005145 
2458532.403970 0.994560 0.005102 
2458532.404526 1.001968 0.005104 
2458532.405081 0.992755 0.005114 
2458532.405637 1.005006 0.005065 
2458532.406192 0.995522 0.004958 
2458532.406748 1.002037 0.005061 
2458532.407303 0.999796 0.005090 
2458532.407859 0.996855 0.005014 
2458532.408403 1.001653 0.005191 
2458532.408958 1.001009 0.005312 
2458532.409525 1.003903 0.005322 
2458532.410081 1.001227 0.005115 
2458532.410625 0.998886 0.005098 
2458532.411180 1.003608 0.005109 
2458532.411736 0.992412 0.005119 
2458532.412291 1.001940 0.005140 
2458532.412847 1.002700 0.005182 
2458532.413402 0.993856 0.005219 
2458532.413958 0.999165 0.005241 
2458532.414513 1.000397 0.005201 
2458532.415069 1.000605 0.005255 
2458532.415613 1.006482 0.005391 
2458532.416168 0.991383 0.005098 
2458532.416724 1.004336 0.005236 
2458532.417268 1.001953 0.005181 
2458532.417835 1.003279 0.005188 
2458532.418379 1.001773 0.005261 
2458532.418934 1.006184 0.005214 
2458532.419490 1.000611 0.004959 
2458532.420045 0.995519 0.004796 
2458532.420589 0.999306 0.004833 
2458532.421700 1.001705 0.004906 
2458532.422244 1.006861 0.004863 
2458532.422800 1.000991 0.004848 
2458532.423899 0.996255 0.004901 
2458532.424455 0.999457 0.004831 
2458532.424999 1.006288 0.004950 
2458532.425554 0.997677 0.004912 
2458532.426098 1.001977 0.005007 
2458532.426654 0.999931 0.004921 
2458532.427209 0.999586 0.004962 
