Title: HAT-P-23 T35 Light Curve on 2019-08-08
Authors: Basturk et al. (2021)
Table:
================================================================================
Byte-by-byte Description of file: hatp23_20190808_T35.txt
--------------------------------------------------------------------------------
   Bytes Format Units Label    Explanations
--------------------------------------------------------------------------------
   1- 14 F14.6  d       BJD-TDB  Barycentric Dynamical Time in Julian Days
  16- 23 F8.6   ---     Flux     Normalized Flux
  25- 32 F8.6   ---     FluxErr  Error in Normalized Flux Units
--------------------------------------------------------------------------------
Note (1):   Passband: Bessel-R
Note (2):   ***OR REMOVE THIS SECTION***
--------------------------------------------------------------------------------
2458704.342718 0.992889 0.009725 
2458704.343424 0.998506 0.009831 
2458704.344142 0.997807 0.009691 
2458704.344859 1.004004 0.009606 
2458704.345565 0.991342 0.009674 
2458704.346271 1.011727 0.009771 
2458704.346977 1.000531 0.009674 
2458704.347683 1.007500 0.009696 
2458704.348389 0.978995 0.009374 
2458704.349095 0.983723 0.009742 
2458704.349813 1.014022 0.009669 
2458704.350519 0.999183 0.009742 
2458704.351225 1.006767 0.009558 
2458704.351931 0.980618 0.009323 
2458704.352637 0.996905 0.009621 
2458704.353355 0.987323 0.009500 
2458704.354072 0.984840 0.009546 
2458704.354778 0.990556 0.009360 
2458704.355484 0.984952 0.009144 
2458704.356190 0.983360 0.009877 
2458704.357116 0.992674 0.009926 
2458704.357834 0.981438 0.009287 
2458704.358540 0.983702 0.009273 
2458704.359246 0.992236 0.009227 
2458704.359952 0.989978 0.009488 
2458704.360669 0.989646 0.009406 
2458704.361375 0.977797 0.009074 
2458704.362081 0.962042 0.009406 
2458704.362799 0.987476 0.009454 
2458704.363505 0.993759 0.009326 
2458704.364211 0.974623 0.009401 
2458704.364929 0.976091 0.009132 
2458704.365635 0.984097 0.009592 
2458704.366341 0.977527 0.009331 
2458704.367047 0.978741 0.009101 
2458704.367753 0.987842 0.009123 
2458704.368470 0.984282 0.009307 
2458704.369176 0.986400 0.009386 
2458704.369894 0.985850 0.009205 
2458704.370600 0.986961 0.009270 
2458704.371306 0.998849 0.009882 
2458704.372024 0.983983 0.009561 
2458704.372730 0.987274 0.009273 
2458704.373436 0.980674 0.009355 
2458704.374153 0.979813 0.009227 
2458704.374859 0.989106 0.009198 
2458704.375565 0.985016 0.009299 
2458704.376271 0.987951 0.009360 
2458704.376977 0.977105 0.009314 
2458704.377683 0.988761 0.009466 
2458704.378389 0.993296 0.009159 
2458704.379107 0.982572 0.009166 
2458704.379813 0.989118 0.009362 
2458704.380519 0.991603 0.009299 
2458704.381236 0.985363 0.009367 
2458704.381942 0.977088 0.009021 
2458704.382648 0.989690 0.009193 
2458704.383354 0.989084 0.009104 
2458704.384060 0.978990 0.009029 
2458704.384767 0.969403 0.008859 
2458704.385484 0.983306 0.009357 
2458704.386190 0.991521 0.009198 
2458704.386908 0.971580 0.009082 
2458704.387614 0.981759 0.009130 
2458704.388331 0.997748 0.009033 
2458704.389037 0.983521 0.009123 
2458704.389743 0.977425 0.008968 
2458704.390461 0.973841 0.009065 
2458704.391167 0.987434 0.009140 
2458704.391873 0.987077 0.009043 
2458704.392579 0.982703 0.009220 
2458704.393285 0.983105 0.009101 
2458704.394003 0.979491 0.009307 
2458704.394709 0.993214 0.009045 
2458704.395415 0.987168 0.008881 
2458704.396121 0.990065 0.009311 
2458704.396838 0.963766 0.009077 
2458704.397544 0.978666 0.009648 
2458704.398250 0.987512 0.009403 
2458704.398956 0.990178 0.009500 
2458704.399662 0.963691 0.009573 
2458704.400368 0.976239 0.009626 
2458704.401074 1.005567 0.010269 
2458704.401792 0.980749 0.010197 
2458704.402498 0.994815 0.009732 
2458704.403204 0.975816 0.008992 
2458704.403922 0.996900 0.009602 
2458704.404628 0.969122 0.008997 
2458704.405345 0.998352 0.009365 
2458704.406051 0.984254 0.009442 
2458704.406769 0.978961 0.009174 
2458704.407475 0.978683 0.008741 
2458704.408181 0.990178 0.008932 
2458704.408898 0.989008 0.009019 
2458704.409604 0.969912 0.008721 
2458704.410322 1.001599 0.009437 
2458704.411028 0.982159 0.008937 
2458704.411734 0.970319 0.008970 
2458704.412452 0.994642 0.008963 
2458704.413158 0.986852 0.009062 
2458704.413864 0.991521 0.009072 
2458704.414581 0.992940 0.008866 
2458704.415287 0.980319 0.009169 
2458704.415993 0.985798 0.008910 
2458704.416711 0.975310 0.008910 
2458704.417417 0.985851 0.009007 
2458704.418134 0.972317 0.008799 
2458704.418840 0.972856 0.009031 
2458704.419546 1.001643 0.009340 
2458704.420252 0.977073 0.009062 
2458704.420970 0.995304 0.008919 
2458704.421688 0.990277 0.008849 
2458704.422394 1.016208 0.009205 
2458704.423100 0.979546 0.008999 
2458704.423817 1.007069 0.009026 
2458704.424523 0.991085 0.009028 
2458704.425241 0.993838 0.008917 
2458704.425958 0.985179 0.009268 
2458704.426664 1.005089 0.008968 
2458704.427371 0.982180 0.008987 
2458704.428088 0.980750 0.008813 
2458704.428794 0.995812 0.008982 
2458704.429512 0.984696 0.008869 
2458704.430218 0.985478 0.008673 
2458704.430924 0.996977 0.008864 
2458704.431641 0.983228 0.008736 
2458704.432347 0.999587 0.008888 
2458704.433053 1.000174 0.008839 
2458704.433771 0.978716 0.009488 
2458704.434477 0.973711 0.008677 
2458704.435183 1.013376 0.009190 
2458704.435901 0.997167 0.008784 
2458704.436607 1.010334 0.008859 
2458704.437313 0.998909 0.008946 
2458704.438019 1.012513 0.008926 
2458704.438736 1.019697 0.008953 
2458704.439454 0.996076 0.008941 
2458704.440160 1.003460 0.008876 
2458704.440866 1.016084 0.009021 
2458704.441583 1.000649 0.009234 
2458704.442289 1.000872 0.008987 
2458704.442995 1.001358 0.008967 
2458704.443701 0.980030 0.008922 
2458704.444419 1.009940 0.008817 
2458704.445125 0.996603 0.009069 
2458704.445831 1.003216 0.009033 
2458704.446537 1.009605 0.009013 
2458704.447255 1.001042 0.009006 
2458704.447961 0.992944 0.008970 
2458704.448667 0.994165 0.008929 
2458704.449384 1.004895 0.008900 
2458704.450090 0.997013 0.008733 
2458704.450808 0.990851 0.008909 
2458704.451514 1.004380 0.009083 
2458704.452232 0.997838 0.008764 
2458704.452938 1.001630 0.008844 
2458704.453655 1.006061 0.009013 
2458704.454361 0.999021 0.008841 
2458704.455067 0.988044 0.008945 
2458704.455773 1.003626 0.008916 
2458704.456479 1.010556 0.008887 
2458704.457185 1.010988 0.008986 
2458704.457903 1.003574 0.009086 
2458704.458609 0.992352 0.008820 
2458704.459326 0.994280 0.008924 
2458704.460032 1.001898 0.009054 
2458704.460750 0.988220 0.008858 
2458704.461456 0.992046 0.008938 
2458704.462162 1.009835 0.009247 
2458704.462868 0.987755 0.008981 
2458704.463586 1.005739 0.008974 
2458704.464292 0.997790 0.008732 
2458704.465009 1.002763 0.008933 
2458704.465715 0.982206 0.008892 
2458704.466421 0.980340 0.008935 
2458704.467127 1.002132 0.008921 
2458704.467845 1.004321 0.009129 
2458704.468562 0.992688 0.009071 
2458704.469268 0.997251 0.009242 
2458704.470681 0.996058 0.008998 
2458704.471398 0.989751 0.008843 
2458704.472116 1.000248 0.009071 
2458704.472822 0.998545 0.008935 
2458704.473528 1.005058 0.009056 
2458704.474488 1.005998 0.009392 
2458704.475206 1.002877 0.009160 
2458704.476224 0.997071 0.009358 
2458704.476930 0.986431 0.009102 
2458704.477637 1.011662 0.009460 
2458704.478354 0.999543 0.009448 
2458704.479060 1.002210 0.009247 
2458704.479778 0.988685 0.009121 
2458704.480484 1.012925 0.009595 
2458704.481190 1.005434 0.009213 
2458704.482011 0.999324 0.009114 
2458704.482718 0.985839 0.009382 
2458704.483424 1.003946 0.009266 
2458704.484141 1.000229 0.009346 
2458704.484847 1.009695 0.009213 
2458704.485553 1.007819 0.009293 
2458704.486259 0.988876 0.008990 
2458704.486965 0.997732 0.009191 
2458704.487683 0.995290 0.009157 
2458704.488389 0.993941 0.009268 
2458704.489095 1.014419 0.009205 
2458704.489812 1.023649 0.009292 
2458704.490518 1.006678 0.009116 
2458704.491224 0.990655 0.009423 
2458704.491930 0.999956 0.009328 
2458704.492636 1.013190 0.009336 
2458704.493354 0.993741 0.009353 
2458704.494060 1.000904 0.009444 
2458704.495484 0.987473 0.009696 
2458704.496190 1.003855 0.009485 
2458704.496907 1.000480 0.009534 
2458704.497613 1.013094 0.009437 
2458704.498319 1.000671 0.009599 
2458704.499025 0.999808 0.009430 
2458704.499731 1.005140 0.009594 
2458704.500437 0.992739 0.009338 
2458704.501155 1.017380 0.009720 
2458704.501861 1.003796 0.009495 
2458704.502567 0.991151 0.009533 
2458704.503273 0.993357 0.009550 
2458704.503979 0.991111 0.009524 
2458704.504697 1.004766 0.009400 
2458704.505403 0.995654 0.009480 
2458704.506109 1.006925 0.009526 
2458704.506815 0.981907 0.009531 
2458704.507532 1.001525 0.009872 
2458704.508238 0.996532 0.009801 
2458704.508956 1.002214 0.009465 
2458704.509662 0.997421 0.009436 
2458704.510368 0.990304 0.009799 
2458704.511074 1.002277 0.009743 
2458704.511780 0.988838 0.009729 
2458704.512497 1.005804 0.009716 
2458704.513203 0.997784 0.010195 
2458704.513910 0.990859 0.009562 
2458704.514627 0.999602 0.009704 
2458704.515333 0.994783 0.009813 
2458704.516039 0.994893 0.009726 
2458704.516745 1.012188 0.009687 
2458704.517463 0.983321 0.009796 
2458704.518169 1.008872 0.009905 
2458704.518875 0.978300 0.009960 
2458704.519581 0.998890 0.009984 
2458704.520298 1.019896 0.010057 
2458704.521004 0.997763 0.009849 
2458704.521710 1.010027 0.010163 
2458704.522428 0.991959 0.009880 
2458704.523134 1.008996 0.009955 
2458704.523840 0.987229 0.010085 
2458704.524558 1.012697 0.010317 
2458704.525264 1.001542 0.010283 
2458704.525970 1.005848 0.010105 
2458704.526676 0.996606 0.010146 
2458704.527382 1.023915 0.010303 
2458704.528099 1.015354 0.010211 
2458704.528805 1.005807 0.010346 
2458704.529511 1.004870 0.010788 
2458704.530229 0.991421 0.010418 
2458704.530935 0.978518 0.010672 
2458704.531641 1.005780 0.011153 
2458704.532347 1.018105 0.010435 
2458704.533053 0.980171 0.010636 
2458704.533759 0.988466 0.010507 
2458704.534477 1.016660 0.010568 
2458704.535183 0.974646 0.010507 
2458704.535889 1.007770 0.010730 
2458704.536595 0.997344 0.010887 
2458704.537312 1.006908 0.010468 
2458704.538018 0.992105 0.010509 
2458704.538736 1.011234 0.010618 
2458704.539442 1.003753 0.010707 
2458704.540148 1.006627 0.010806 
2458704.540854 1.011455 0.010922 
2458704.541571 1.004739 0.010531 
2458704.542277 1.006552 0.010837 
2458704.542995 1.004936 0.010934 
2458704.543701 0.981432 0.010929 
2458704.544407 0.995430 0.010828 
2458704.545125 0.998260 0.010818 
2458704.545831 0.993957 0.010694 
2458704.547254 1.003481 0.011066 
