Title: HAT-P-37 T100 Light Curve on 2015-08-04
Authors: Basturk et al. (2021)
Table:
================================================================================
Byte-by-byte Description of file: hatp37_20150804_T100.txt
--------------------------------------------------------------------------------
   Bytes Format Units Label    Explanations
--------------------------------------------------------------------------------
   1- 14 F14.6  d       BJD-TDB  Barycentric Dynamical Time in Julian Days
  16- 23 F8.6   ---     Flux     Normalized Flux
  25- 32 F8.6   ---     FluxErr  Error in Normalized Flux Units
--------------------------------------------------------------------------------
Note (1):   Passband: Bessel-R
Note (2):   ***OR REMOVE THIS SECTION***
--------------------------------------------------------------------------------
2457239.398423 0.999767 0.001648 
2457239.400773 1.000521 0.001636 
2457239.402672 1.000208 0.001642 
2457239.404576 0.999679 0.001636 
2457239.406475 1.000242 0.001654 
2457239.408378 1.000062 0.001666 
2457239.413605 1.000956 0.001642 
2457239.415574 1.000213 0.001624 
2457239.417547 0.998339 0.001630 
2457239.419515 0.999414 0.001630 
2457239.421476 1.001091 0.001648 
2457239.423479 1.000992 0.001642 
2457239.425441 0.998782 0.001630 
2457239.427408 0.999764 0.001666 
2457239.429372 0.998150 0.001654 
2457239.431335 1.001453 0.001660 
2457239.433349 1.001315 0.001666 
2457239.435319 1.002484 0.001654 
2457239.437286 1.000018 0.001660 
2457239.439253 0.997227 0.001648 
2457239.441212 0.997681 0.001660 
2457239.443223 0.995562 0.001660 
2457239.445184 0.992719 0.001666 
2457239.447163 0.989827 0.001678 
2457239.449120 0.988216 0.001666 
2457239.451081 0.984894 0.001672 
2457239.453075 0.984065 0.001678 
2457239.455044 0.984955 0.001690 
2457239.457006 0.981536 0.001677 
2457239.458974 0.982423 0.001696 
2457239.460934 0.981246 0.001689 
2457239.463463 0.981935 0.001720 
2457239.467385 0.978538 0.001732 
2457239.471319 0.977342 0.001713 
2457239.475531 0.980393 0.001713 
2457239.477498 0.979212 0.001713 
2457239.479470 0.977663 0.001743 
2457239.481437 0.979883 0.001737 
2457239.483419 0.976641 0.001731 
2457239.485383 0.978793 0.001749 
2457239.487346 0.979598 0.001749 
2457239.489311 0.978858 0.001749 
2457239.491269 0.978020 0.001761 
2457239.494902 0.978443 0.001749 
2457239.496869 0.977984 0.001773 
2457239.498832 0.979598 0.001773 
2457239.500794 0.978869 0.001773 
2457239.502763 0.981069 0.001791 
2457239.506767 0.981688 0.001815 
2457239.508734 0.977846 0.001791 
2457239.510694 0.983048 0.001803 
2457239.512661 0.979590 0.001839 
2457239.514646 0.982172 0.001821 
2457239.516603 0.983186 0.001851 
2457239.518572 0.984954 0.001839 
2457239.520539 0.990732 0.001911 
2457239.522498 0.993372 0.001869 
2457239.524502 0.993213 0.001875 
2457239.526460 0.998016 0.001893 
2457239.530383 0.999640 0.001947 
2457239.534496 0.999373 0.001899 
2457239.536471 0.999032 0.001947 
2457239.538429 0.999952 0.001947 
2457239.540393 1.000710 0.001934 
2457239.544540 0.998624 0.001964 
2457239.546504 1.000203 0.001952 
2457239.548466 0.999554 0.001952 
2457239.550429 0.997362 0.001964 
2457239.552397 1.002486 0.001982 
2457239.554409 0.998572 0.001976 
2457239.558345 1.002472 0.002012 
2457239.560303 0.999987 0.002060 
2457239.562264 0.998268 0.002078 
2457239.564821 1.000840 0.002017 
2457239.566780 0.998371 0.002035 
2457239.568830 1.001501 0.002083 
2457239.570804 1.000322 0.002107 
2457239.577580 1.000539 0.002197 
2457239.583607 0.999520 0.002413 
