Title: HAT-P-56 T100 Light Curve on 2019-11-09
Authors: Basturk et al. (2021)
Table:
================================================================================
Byte-by-byte Description of file: hatp56_20191109_T100.txt
--------------------------------------------------------------------------------
   Bytes Format Units Label    Explanations
--------------------------------------------------------------------------------
   1- 14 F14.6  d       BJD-TDB  Barycentric Dynamical Time in Julian Days
  16- 23 F8.6   ---     Flux     Normalized Flux
  25- 32 F8.6   ---     FluxErr  Error in Normalized Flux Units
--------------------------------------------------------------------------------
Note (1):   Passband: Bessel-R
Note (2):   ***OR REMOVE THIS SECTION***
--------------------------------------------------------------------------------
2458797.371978 1.000620 0.000842 
2458797.377837 0.999871 0.000822 
2458797.379507 0.999856 0.000820 
2458797.381178 1.000033 0.000812 
2458797.382858 0.998954 0.000806 
2458797.384535 1.000794 0.000802 
2458797.386213 0.999844 0.000798 
2458797.387893 1.001091 0.000792 
2458797.389574 0.998336 0.000794 
2458797.391255 1.000296 0.000786 
2458797.392932 1.000724 0.000790 
2458797.394613 1.000153 0.000776 
2458797.396290 1.000625 0.000776 
2458797.397966 0.998403 0.000772 
2458797.399645 0.999242 0.000768 
2458797.401325 0.998948 0.000766 
2458797.403002 0.998899 0.000762 
2458797.404690 0.996880 0.000752 
2458797.406366 0.995390 0.000752 
2458797.408044 0.996532 0.000745 
2458797.409725 0.996624 0.000747 
2458797.411401 0.996501 0.000745 
2458797.413080 0.994721 0.000741 
2458797.414769 0.992120 0.000733 
2458797.416445 0.994098 0.000733 
2458797.418133 0.993447 0.000733 
2458797.419810 0.992523 0.000731 
2458797.421486 0.991679 0.000727 
2458797.423164 0.992122 0.000725 
2458797.424841 0.990696 0.000715 
2458797.426529 0.992144 0.000719 
2458797.428208 0.991297 0.000719 
2458797.429899 0.990467 0.000715 
2458797.431574 0.991158 0.000709 
2458797.433251 0.990325 0.000709 
2458797.434927 0.990853 0.000701 
2458797.436603 0.990222 0.000699 
2458797.438292 0.989678 0.000695 
2458797.439968 0.990922 0.000697 
2458797.441649 0.991027 0.000691 
2458797.443325 0.990445 0.000689 
2458797.445001 0.990101 0.000687 
2458797.446681 0.992105 0.000689 
2458797.448356 0.989805 0.000685 
2458797.450032 0.989576 0.000683 
2458797.451708 0.990699 0.000681 
2458797.453386 0.990773 0.000683 
2458797.455061 0.991422 0.000677 
2458797.456738 0.991468 0.000673 
2458797.458426 0.989970 0.000669 
2458797.460102 0.991377 0.000675 
2458797.461779 0.992012 0.000667 
2458797.463456 0.992541 0.000667 
2458797.465145 0.992159 0.000663 
2458797.466821 0.993032 0.000663 
2458797.468497 0.992878 0.000661 
2458797.470173 0.994533 0.000663 
2458797.471849 0.994083 0.000659 
2458797.473526 0.993208 0.000663 
2458797.475205 0.997471 0.000663 
2458797.476881 0.996592 0.000659 
2458797.478569 0.996545 0.000655 
2458797.480245 0.998390 0.000657 
2458797.481922 0.996962 0.000653 
2458797.483598 0.998237 0.000651 
2458797.485274 0.998527 0.000649 
2458797.486951 0.999464 0.000647 
2458797.488629 1.000474 0.000647 
2458797.490304 0.999448 0.000645 
2458797.491984 1.000229 0.000643 
2458797.493663 0.999727 0.000645 
2458797.495340 0.999362 0.000641 
2458797.497015 0.999875 0.000639 
2458797.498704 1.000411 0.000637 
2458797.500379 1.001133 0.000637 
2458797.502055 0.999243 0.000635 
2458797.503745 1.000153 0.000635 
2458797.505421 1.000467 0.000639 
2458797.507099 0.999780 0.000633 
2458797.508774 0.999743 0.000633 
2458797.510450 1.000670 0.000633 
2458797.512137 0.999801 0.000631 
2458797.513812 0.999503 0.000627 
2458797.515488 0.999844 0.000629 
2458797.517163 1.001186 0.000633 
2458797.518838 0.999674 0.000625 
2458797.520515 0.998780 0.000623 
2458797.522202 1.000164 0.000623 
2458797.523878 0.999685 0.000623 
2458797.525566 1.001402 0.000621 
2458797.527241 0.999840 0.000619 
2458797.528920 0.998955 0.000619 
2458797.530596 1.001081 0.000625 
2458797.532283 0.999921 0.000619 
2458797.533974 0.999212 0.000619 
2458797.535650 1.000681 0.000619 
2458797.537325 1.000036 0.000619 
2458797.539014 1.000223 0.000615 
2458797.540701 1.000649 0.000615 
2458797.542378 0.999276 0.000613 
2458797.544053 0.999680 0.000613 
2458797.545728 1.000555 0.000617 
2458797.547415 0.999728 0.000605 
