Title: HAT-P-23 T35 Light Curve on 2019-09-28
Authors: Basturk et al. (2021)
Table:
================================================================================
Byte-by-byte Description of file: hatp23_20190928_T35.txt
--------------------------------------------------------------------------------
   Bytes Format Units Label    Explanations
--------------------------------------------------------------------------------
   1- 14 F14.6  d       BJD-TDB  Barycentric Dynamical Time in Julian Days
  16- 23 F8.6   ---     Flux     Normalized Flux
  25- 32 F8.6   ---     FluxErr  Error in Normalized Flux Units
--------------------------------------------------------------------------------
Note (1):   Passband: Bessel-R
Note (2):   ***OR REMOVE THIS SECTION***
--------------------------------------------------------------------------------
2458755.238532 0.992803 0.008110 
2458755.239585 1.009606 0.008416 
2458755.240650 0.993368 0.008358 
2458755.242756 0.991943 0.008487 
2458755.243809 1.002028 0.008319 
2458755.244862 1.002992 0.008166 
2458755.245916 1.009779 0.008652 
2458755.246969 1.004006 0.008402 
2458755.248034 0.995049 0.008268 
2458755.249087 1.001299 0.008241 
2458755.250140 0.988168 0.008215 
2458755.251205 0.984681 0.008091 
2458755.252258 1.002000 0.008241 
2458755.253323 1.014981 0.008346 
2458755.254376 0.999786 0.008246 
2458755.255429 1.000172 0.008702 
2458755.256482 0.996709 0.008231 
2458755.257535 0.996978 0.008324 
2458755.259260 0.981731 0.008258 
2458755.260324 1.009807 0.008445 
2458755.261378 1.007002 0.008763 
2458755.262431 1.002468 0.008598 
2458755.263484 1.000344 0.008571 
2458755.264537 1.003988 0.008607 
2458755.265590 1.001428 0.008632 
2458755.266655 1.006312 0.008445 
2458755.267708 0.996334 0.008340 
2458755.268761 1.002077 0.008367 
2458755.269815 1.001246 0.008542 
2458755.270868 1.003444 0.008510 
2458755.271932 1.008893 0.008573 
2458755.272986 1.004334 0.008289 
2458755.274039 1.000520 0.008284 
2458755.275092 1.004296 0.008422 
2458755.276157 0.980521 0.008179 
2458755.277210 1.009454 0.008534 
2458755.278263 0.989338 0.008104 
2458755.279316 1.004388 0.008245 
2458755.280381 0.996068 0.008388 
2458755.281434 1.003700 0.008609 
2458755.282499 0.998279 0.009135 
2458755.283552 0.994897 0.008375 
2458755.284605 0.993769 0.008407 
2458755.285658 0.999223 0.008179 
2458755.286723 0.982180 0.008193 
2458755.287776 0.989271 0.008380 
2458755.288830 0.989359 0.008222 
2458755.289883 0.984344 0.008370 
2458755.290936 0.981712 0.008370 
2458755.292001 0.990992 0.008202 
2458755.293054 0.989271 0.008464 
2458755.294119 0.990334 0.008406 
2458755.295172 1.004397 0.008563 
2458755.296225 0.982980 0.008381 
2458755.297278 0.979716 0.008485 
2458755.298331 0.988332 0.008398 
2458755.299384 0.999569 0.008628 
2458755.300449 0.994178 0.008347 
2458755.301502 0.997888 0.008504 
2458755.302555 0.990779 0.008584 
2458755.303609 0.982824 0.008516 
2458755.304673 0.972717 0.008195 
2458755.305727 0.979162 0.008501 
2458755.306791 0.974760 0.008523 
2458755.307844 0.965350 0.008270 
2458755.308898 1.000623 0.008578 
2458755.309951 0.972377 0.008673 
2458755.311004 0.988278 0.008311 
2458755.312057 0.975414 0.008359 
2458755.313110 0.980010 0.008575 
2458755.314164 1.003880 0.008543 
2458755.315217 0.996134 0.008579 
2458755.316281 0.978841 0.008647 
2458755.317335 0.976272 0.008480 
2458755.318388 0.975383 0.008358 
2458755.319453 0.975902 0.008421 
2458755.320506 0.984358 0.008515 
2458755.321559 0.999301 0.008889 
2458755.322624 0.977143 0.008573 
2458755.323677 0.975571 0.008670 
2458755.324730 0.979649 0.008510 
2458755.325783 0.985343 0.008436 
2458755.326836 0.991061 0.008815 
2458755.327889 0.988526 0.008671 
2458755.328943 0.994756 0.008749 
2458755.329996 0.993959 0.009294 
2458755.331049 0.984915 0.008666 
2458755.332114 0.993065 0.008694 
2458755.333167 0.967614 0.008401 
2458755.334232 0.984099 0.008594 
2458755.335285 0.977702 0.008614 
2458755.336338 0.985127 0.008718 
2458755.337391 0.973432 0.008344 
2458755.338456 0.969915 0.008780 
2458755.339509 0.983063 0.008746 
2458755.340562 0.994225 0.009349 
2458755.341615 0.967931 0.008684 
2458755.342669 0.983277 0.008832 
2458755.343733 0.979538 0.008769 
2458755.344787 0.988134 0.008904 
2458755.345840 0.992797 0.008950 
2458755.346904 0.988771 0.008949 
2458755.350064 0.998283 0.009334 
2458755.351765 0.984260 0.009156 
2458755.352818 0.985286 0.009049 
2458755.353883 0.998061 0.009112 
2458755.354936 0.984792 0.009140 
2458755.355990 0.990778 0.009070 
2458755.357043 0.977931 0.008861 
2458755.358096 0.986365 0.008996 
2458755.359161 0.979570 0.009029 
2458755.360214 0.990607 0.009279 
2458755.361267 0.978419 0.009232 
2458755.362332 0.987904 0.009387 
2458755.363385 0.994568 0.009626 
2458755.364438 0.995240 0.009315 
2458755.365491 0.992156 0.009247 
2458755.366544 0.974178 0.009561 
2458755.367598 0.998908 0.009505 
2458755.368662 0.981160 0.009497 
2458755.369715 0.988417 0.009240 
2458755.370769 0.980053 0.009305 
2458755.371822 0.978765 0.009314 
2458755.372875 1.000135 0.009355 
2458755.373928 1.009821 0.009654 
2458755.374981 1.003846 0.009581 
2458755.376046 0.995663 0.009525 
2458755.377099 0.992753 0.009609 
2458755.378152 1.008624 0.009758 
2458755.379206 1.000520 0.009949 
2458755.380259 1.001437 0.009609 
2458755.381312 0.994590 0.009522 
2458755.382377 1.004352 0.009848 
2458755.383430 0.997918 0.009590 
2458755.384483 0.996063 0.009440 
2458755.385536 1.006807 0.009790 
2458755.386589 1.009211 0.010205 
2458755.387643 1.005157 0.009658 
2458755.388696 0.983936 0.010104 
2458755.389760 0.993904 0.009828 
2458755.390814 1.001705 0.010071 
2458755.391867 0.993034 0.009611 
2458755.392920 1.006504 0.009934 
2458755.393973 0.981522 0.010361 
2458755.395026 1.003581 0.010037 
2458755.396080 1.014118 0.010229 
2458755.397144 0.999909 0.010124 
2458755.398197 0.997195 0.010029 
2458755.399251 0.985338 0.010142 
2458755.400304 1.004267 0.010286 
2458755.401357 0.992270 0.010430 
2458755.402422 0.993391 0.010545 
2458755.403475 0.992838 0.010667 
2458755.404528 0.995925 0.010697 
2458755.405581 1.011048 0.010423 
2458755.406634 1.009096 0.010661 
2458755.410859 1.008675 0.010649 
2458755.411912 1.004858 0.010588 
2458755.412965 1.006981 0.010787 
2458755.414030 1.000243 0.010732 
2458755.415083 0.997224 0.010977 
2458755.416148 1.005754 0.010935 
2458755.417201 1.014201 0.011059 
2458755.426703 1.010107 0.012110 
2458755.427756 0.991228 0.011770 
2458755.428809 1.011399 0.011971 
2458755.429862 1.007985 0.012186 
2458755.430915 0.981061 0.011724 
2458755.431980 0.996780 0.012085 
2458755.433033 0.998536 0.012054 
2458755.434086 1.013398 0.012466 
2458755.435139 0.999670 0.012425 
2458755.436193 1.008763 0.012625 
2458755.437246 0.983699 0.012293 
2458755.438311 0.989762 0.012700 
2458755.439364 1.005695 0.012738 
2458755.440429 1.006237 0.012577 
2458755.441482 1.005610 0.012834 
2458755.442535 0.977149 0.013004 
2458755.443588 1.014310 0.013179 
2458755.444641 0.995111 0.013250 
2458755.445706 0.982592 0.012866 
2458755.446759 1.014442 0.013779 
2458755.447812 1.014404 0.013397 
2458755.448865 0.981211 0.013770 
2458755.450983 0.996818 0.013670 
2458755.452037 0.998721 0.015253 
