Title: HAT-P-23 UT50 Light Curve on 2021-07-20
Authors: Basturk et al. (2021)
Table:
================================================================================
Byte-by-byte Description of file: hatp23_20210720_UT50.txt
--------------------------------------------------------------------------------
   Bytes Format Units Label    Explanations
--------------------------------------------------------------------------------
   1- 14 F14.6  d       BJD-TDB  Barycentric Dynamical Time in Julian Days
  16- 23 F8.6   ---     Flux     Normalized Flux
  25- 32 F8.6   ---     FluxErr  Error in Normalized Flux Units
--------------------------------------------------------------------------------
Note (1):   Passband: R
Note (2):   ***OR REMOVE THIS SECTION***
--------------------------------------------------------------------------------
2459416.300107 0.998006 0.004112 
2459416.301855 0.999563 0.004008 
2459416.303625 1.001142 0.003911 
2459416.307144 0.997172 0.003870 
2459416.308903 0.996687 0.003779 
2459416.310663 0.998485 0.003753 
2459416.312433 0.996379 0.003701 
2459416.314193 0.995673 0.003790 
2459416.321241 0.986741 0.003550 
2459416.323001 0.990681 0.003486 
2459416.328278 0.988229 0.003523 
2459416.330049 0.985679 0.003388 
2459416.331809 0.980855 0.003387 
2459416.333568 0.985240 0.003400 
2459416.335327 0.984249 0.003406 
2459416.337098 0.981373 0.003335 
2459416.338857 0.983716 0.003316 
2459416.340617 0.987015 0.003354 
2459416.342376 0.982928 0.003411 
2459416.344135 0.982794 0.003257 
2459416.345906 0.989765 0.003244 
2459416.347665 0.982069 0.003301 
2459416.349425 0.980062 0.003487 
2459416.354714 0.987376 0.003333 
2459416.356473 0.979761 0.003204 
2459416.358232 0.981913 0.003172 
2459416.367040 0.988906 0.003114 
2459416.368811 0.982236 0.003158 
2459416.370571 0.986291 0.003152 
2459416.372330 0.981749 0.003094 
2459416.374089 0.984818 0.003100 
2459416.375848 0.984874 0.003120 
2459416.379379 0.982287 0.003042 
2459416.381138 0.987378 0.003023 
2459416.382897 0.985549 0.003061 
2459416.384668 0.986916 0.003029 
2459416.386427 0.988179 0.003016 
2459416.389946 0.991101 0.002997 
2459416.393476 0.989311 0.003023 
2459416.395235 0.993360 0.003022 
2459416.396994 0.992034 0.003054 
2459416.402284 1.000980 0.003054 
2459416.404043 1.001734 0.003080 
2459416.405802 1.002602 0.003125 
2459416.407562 1.000171 0.003073 
2459416.411092 0.998722 0.003092 
2459416.412851 0.995340 0.003150 
2459416.414610 0.996608 0.003086 
2459416.416370 1.001065 0.003099 
2459416.418129 1.005858 0.003118 
2459416.419888 1.001713 0.003150 
2459416.421659 0.997870 0.003111 
2459416.423418 0.997071 0.003086 
2459416.425178 1.000624 0.003079 
2459416.426937 0.997172 0.003143 
2459416.428708 1.003226 0.003124 
2459416.430467 0.997532 0.003124 
2459416.432226 0.994557 0.003117 
2459416.433997 1.004915 0.003175 
2459416.435756 1.003788 0.003181 
2459416.439275 1.000983 0.003098 
2459416.441034 0.998643 0.003079 
2459416.442805 1.004663 0.003034 
2459416.444564 0.997108 0.003015 
2459416.446324 0.997049 0.003002 
