Title: HAT-P-23 CAHA Light Curve on 2015-08-28
Authors: Basturk et al. (2021)
Table:
================================================================================
Byte-by-byte Description of file: hatp23_20150828_CAHA.txt
--------------------------------------------------------------------------------
   Bytes Format Units Label    Explanations
--------------------------------------------------------------------------------
   1- 14 F14.6  d       BJD-TDB  Barycentric Dynamical Time in Julian Days
  16- 23 F8.6   ---     Flux     Normalized Flux
  25- 32 F8.6   ---     FluxErr  Error in Normalized Flux Units
--------------------------------------------------------------------------------
Note (1):   Passband: Cousins-R
Note (2):   ***OR REMOVE THIS SECTION***
--------------------------------------------------------------------------------
2457263.327116 0.997846 0.001083 
2457263.329692 1.004357 0.001105 
2457263.331575 1.000424 0.001532 
2457263.332349 0.999891 0.001532 
2457263.332904 1.000516 0.001539 
2457263.334875 0.998592 0.001500 
2457263.335330 0.998882 0.001539 
2457263.335794 0.999614 0.001533 
2457263.336261 0.999427 0.001518 
2457263.336721 0.998031 0.001534 
2457263.337184 1.001134 0.001534 
2457263.337685 1.000241 0.001517 
2457263.338218 1.000157 0.001514 
2457263.338688 1.001709 0.001530 
2457263.339152 0.997709 0.001521 
2457263.339615 1.000954 0.001539 
2457263.340080 0.997143 0.001516 
2457263.340546 1.000134 0.001515 
2457263.341012 1.000844 0.001527 
2457263.341478 0.999305 0.001527 
2457263.341945 1.001906 0.001521 
2457263.342416 0.999522 0.001526 
2457263.342885 1.000312 0.001522 
2457263.343353 1.001058 0.001524 
2457263.343823 1.000010 0.001513 
2457263.344293 1.000750 0.001535 
2457263.344768 0.997489 0.001506 
2457263.345238 0.997893 0.001524 
2457263.345711 1.001330 0.001520 
2457263.346183 1.001583 0.001518 
2457263.346657 0.998585 0.001515 
2457263.347131 1.001103 0.001522 
2457263.347608 0.998302 0.001515 
2457263.348085 1.002242 0.001529 
2457263.348562 0.998453 0.001519 
2457263.349040 0.998811 0.001516 
2457263.349518 1.000225 0.001531 
2457263.349998 1.001728 0.001520 
2457263.350480 0.997468 0.001516 
2457263.350965 1.000910 0.001517 
2457263.351449 1.001930 0.001525 
2457263.351934 0.999615 0.001520 
2457263.352427 0.999709 0.001527 
2457263.352912 1.001724 0.001521 
2457263.353401 0.999174 0.001524 
2457263.353890 0.998757 0.001519 
2457263.354380 0.996680 0.001510 
2457263.354873 0.998460 0.001518 
2457263.355365 1.000395 0.001511 
2457263.355859 0.998861 0.001522 
2457263.356356 1.002296 0.001530 
2457263.356852 1.001732 0.001525 
2457263.357349 1.001672 0.001528 
2457263.357849 1.001646 0.001533 
2457263.358348 1.000063 0.001524 
2457263.358855 0.999861 0.001514 
2457263.359718 0.998963 0.001507 
2457263.360171 0.999599 0.001512 
2457263.360635 0.998673 0.001509 
2457263.361565 0.999991 0.001512 
2457263.362535 1.001447 0.001536 
2457263.362990 0.999219 0.001530 
2457263.363918 0.999541 0.001519 
2457263.364723 0.996885 0.001507 
2457263.365177 1.002089 0.001520 
2457263.365641 0.998449 0.001526 
2457263.366108 1.000353 0.001521 
2457263.366573 0.999847 0.001515 
2457263.367033 1.000628 0.001516 
2457263.367503 1.000598 0.001517 
2457263.367967 1.001295 0.001525 
2457263.368430 0.997945 0.001519 
2457263.368893 0.999859 0.001558 
2457263.369359 0.998368 0.001522 
2457263.369823 1.000954 0.001520 
2457263.370288 1.003866 0.001507 
2457263.370754 1.001198 0.001530 
2457263.371219 0.997848 0.001525 
2457263.371686 1.001368 0.001527 
2457263.372155 1.000808 0.001536 
2457263.372624 1.000143 0.001519 
2457263.373092 1.000416 0.001532 
2457263.373563 0.999298 0.001532 
2457263.374033 1.001367 0.001533 
2457263.374503 0.998746 0.001511 
2457263.374973 0.997777 0.001533 
2457263.375445 0.998774 0.001537 
2457263.375920 0.998809 0.001525 
2457263.376393 1.001065 0.001522 
2457263.376868 1.002840 0.001512 
2457263.377342 0.997546 0.001521 
2457263.377819 0.998077 0.001521 
2457263.378296 1.000790 0.001523 
2457263.378774 1.000911 0.001519 
2457263.379254 1.000192 0.001535 
2457263.379736 1.001231 0.001544 
2457263.380216 0.999384 0.001531 
2457263.380699 1.000370 0.001506 
2457263.381184 1.000830 0.001532 
2457263.381672 1.000472 0.001507 
2457263.382163 0.998612 0.001518 
2457263.382650 0.998870 0.001535 
2457263.383139 1.000098 0.001518 
2457263.383627 1.001697 0.001546 
2457263.384117 0.999818 0.001540 
2457263.384618 0.997675 0.001531 
2457263.385113 0.999615 0.001528 
2457263.385605 1.000163 0.001533 
2457263.386102 1.002355 0.001529 
2457263.386598 1.000123 0.001512 
2457263.387096 0.999564 0.001527 
2457263.387595 0.998780 0.001511 
2457263.388094 0.999292 0.001520 
2457263.388596 0.998083 0.001514 
2457263.389098 0.997816 0.001524 
2457263.389602 0.999045 0.001530 
2457263.390106 1.002693 0.001540 
2457263.390613 1.001748 0.001527 
2457263.391131 0.999247 0.001525 
2457263.391679 1.002005 0.001532 
2457263.392227 0.998851 0.001530 
2457263.392737 0.997183 0.001513 
2457263.393253 1.000923 0.001526 
2457263.393772 0.999650 0.001539 
2457263.394291 1.000624 0.001537 
2457263.394811 0.998469 0.001544 
2457263.395333 1.003165 0.001547 
2457263.395858 0.999664 0.001545 
2457263.396390 0.997727 0.001547 
2457263.396914 1.001641 0.001545 
2457263.397443 1.002563 0.001543 
2457263.397974 0.998557 0.001541 
2457263.398499 1.001543 0.001542 
2457263.399030 0.999619 0.001545 
2457263.399568 1.000207 0.001530 
2457263.400104 0.999007 0.001543 
2457263.400644 0.999253 0.001532 
2457263.401190 0.998948 0.001520 
2457263.401730 0.998087 0.001536 
2457263.402276 0.999231 0.001521 
2457263.402815 1.003349 0.001541 
2457263.403360 1.001884 0.001550 
2457263.403916 0.997583 0.001529 
2457263.404466 1.000323 0.001524 
2457263.405003 1.000966 0.001515 
2457263.405562 1.004367 0.001532 
2457263.406128 0.999310 0.001523 
2457263.406675 0.996534 0.001537 
2457263.407233 0.999519 0.001532 
2457263.407790 0.999496 0.001534 
2457263.408337 1.001175 0.001534 
2457263.408907 0.999493 0.001519 
2457263.409453 1.002224 0.001541 
2457263.410035 1.000526 0.001520 
2457263.410621 0.998990 0.001539 
2457263.411217 0.997123 0.001538 
2457263.411766 0.998657 0.001547 
2457263.412482 0.999213 0.001540 
2457263.413033 1.001792 0.001530 
2457263.413642 1.003432 0.001545 
2457263.414244 0.997997 0.001535 
2457263.414833 1.000391 0.001532 
2457263.415409 1.001399 0.001529 
2457263.416170 0.998270 0.001523 
2457263.416623 0.999970 0.001534 
2457263.417090 0.999325 0.001543 
2457263.417553 1.002073 0.001538 
2457263.418019 1.001221 0.001529 
2457263.418484 0.999993 0.001539 
2457263.418951 1.000755 0.001545 
2457263.419430 0.999588 0.001542 
2457263.419896 0.997519 0.001510 
2457263.420364 0.999280 0.001518 
2457263.420831 1.000089 0.001512 
2457263.421303 0.998052 0.001529 
2457263.421772 1.000369 0.001533 
2457263.422243 1.000184 0.001523 
2457263.422716 0.998788 0.001532 
2457263.423190 0.997375 0.001503 
2457263.423664 1.000627 0.001538 
2457263.424138 0.999144 0.001521 
2457263.424614 0.999479 0.001531 
2457263.425096 1.001145 0.001547 
2457263.425573 0.999107 0.001530 
2457263.426052 1.003633 0.001529 
2457263.426532 1.000188 0.001522 
2457263.427011 0.999813 0.001521 
2457263.427491 0.997970 0.001514 
2457263.427974 1.003189 0.001524 
2457263.428460 0.998324 0.001515 
2457263.428939 1.000286 0.001510 
2457263.429425 0.998508 0.001509 
2457263.429913 0.999977 0.001517 
2457263.430398 0.999455 0.001531 
2457263.430889 1.000727 0.001530 
2457263.431379 0.999849 0.001525 
2457263.431867 1.001440 0.001532 
2457263.432354 1.001718 0.001533 
2457263.432850 1.000222 0.001532 
2457263.433346 0.998710 0.001531 
2457263.433842 1.001399 0.001555 
2457263.434338 0.999736 0.001540 
2457263.434839 0.998019 0.001509 
2457263.435335 1.000691 0.001517 
2457263.435833 1.000126 0.001514 
2457263.436332 0.998150 0.001495 
2457263.436819 0.999776 0.001503 
2457263.437319 1.000000 0.001509 
2457263.437811 1.000092 0.001502 
2457263.438302 0.999994 0.001520 
2457263.438800 0.994681 0.001513 
2457263.439295 0.996438 0.001501 
2457263.439823 0.998475 0.001516 
2457263.440422 0.997230 0.001502 
2457263.440926 0.997643 0.001522 
2457263.441432 0.996006 0.001515 
2457263.441939 0.994680 0.001521 
2457263.442448 0.996989 0.001545 
2457263.442965 0.995768 0.001536 
2457263.443477 0.990762 0.001522 
2457263.443991 0.992187 0.001522 
2457263.444501 0.994691 0.001540 
2457263.445019 0.992840 0.001540 
2457263.445538 0.988790 0.001524 
2457263.446057 0.986806 0.001520 
2457263.446579 0.993243 0.001538 
2457263.447100 0.990011 0.001539 
2457263.447624 0.988240 0.001528 
2457263.448149 0.987073 0.001527 
2457263.448679 0.989862 0.001538 
2457263.449498 0.987293 0.001535 
2457263.449961 0.986784 0.001537 
2457263.450429 0.986862 0.001539 
2457263.450891 0.985014 0.001532 
2457263.451362 0.987669 0.001495 
2457263.451831 0.986414 0.001494 
2457263.452294 0.985842 0.001492 
2457263.452762 0.988314 0.001494 
2457263.453228 0.986536 0.001510 
2457263.453692 0.985856 0.001478 
2457263.454164 0.986914 0.001488 
2457263.454630 0.986764 0.001495 
2457263.455089 0.988767 0.001505 
2457263.455552 0.985452 0.001489 
2457263.456015 0.988113 0.001487 
2457263.456477 0.982055 0.001500 
2457263.456940 0.986488 0.001499 
2457263.457404 0.982752 0.001506 
2457263.457868 0.985191 0.001502 
2457263.458330 0.986229 0.001492 
2457263.458789 0.984792 0.001516 
2457263.459249 0.990941 0.001509 
2457263.459712 0.986950 0.001519 
2457263.460173 0.984074 0.001535 
2457263.460633 0.981392 0.001517 
2457263.461095 0.985288 0.001527 
2457263.461555 0.983346 0.001527 
2457263.462017 0.986454 0.001540 
2457263.462477 0.986387 0.001547 
2457263.462937 0.984457 0.001530 
2457263.463400 0.981507 0.001522 
2457263.463862 0.988577 0.001541 
2457263.464324 0.984944 0.001541 
2457263.464785 0.988119 0.001546 
2457263.465246 0.988158 0.001558 
2457263.465709 0.984513 0.001553 
2457263.466171 0.984222 0.001551 
2457263.466633 0.984904 0.001554 
2457263.467096 0.982711 0.001501 
2457263.467559 0.985243 0.001533 
2457263.468023 0.986730 0.001512 
2457263.468486 0.981814 0.001518 
2457263.468950 0.984301 0.001507 
2457263.469415 0.983573 0.001515 
2457263.469880 0.983520 0.001520 
2457263.470347 0.982365 0.001521 
2457263.470813 0.982628 0.001537 
2457263.471281 0.985665 0.001535 
2457263.471748 0.985316 0.001540 
2457263.472216 0.982625 0.001542 
2457263.472686 0.982649 0.001538 
2457263.473155 0.982229 0.001540 
2457263.473625 0.984983 0.001534 
2457263.474098 0.982809 0.001530 
2457263.474574 0.983028 0.001567 
2457263.475047 0.985429 0.001531 
2457263.475520 0.985698 0.001549 
2457263.475989 0.983997 0.001530 
2457263.476450 0.985026 0.001530 
2457263.476908 0.983840 0.001532 
2457263.477370 0.984860 0.001544 
2457263.477831 0.984953 0.001540 
2457263.478292 0.982507 0.001527 
2457263.478755 0.982083 0.001543 
2457263.479218 0.985758 0.001544 
2457263.479682 0.987134 0.001544 
2457263.480145 0.983455 0.001544 
2457263.480608 0.984169 0.001554 
2457263.481072 0.986381 0.001568 
2457263.481534 0.981985 0.001559 
2457263.481996 0.984424 0.001570 
2457263.482457 0.984454 0.001557 
2457263.482917 0.983758 0.001553 
2457263.483383 0.981721 0.001533 
2457263.483845 0.983925 0.001539 
2457263.484309 0.981794 0.001538 
2457263.484770 0.981124 0.001549 
2457263.485235 0.985700 0.001566 
2457263.485698 0.985336 0.001550 
2457263.486163 0.982077 0.001536 
2457263.486628 0.985443 0.001568 
2457263.487092 0.985868 0.001560 
2457263.487559 0.985208 0.001556 
2457263.488025 0.981872 0.001559 
2457263.488511 0.984783 0.001561 
2457263.488973 0.982378 0.001549 
2457263.489435 0.986553 0.001556 
2457263.489896 0.982471 0.001542 
2457263.490359 0.985132 0.001544 
2457263.490820 0.985027 0.001548 
2457263.491283 0.983598 0.001560 
2457263.491745 0.982058 0.001553 
2457263.492208 0.984680 0.001556 
2457263.492673 0.987799 0.001575 
2457263.493137 0.983944 0.001564 
2457263.493602 0.984237 0.001572 
2457263.494069 0.983625 0.001571 
2457263.494534 0.988389 0.001577 
2457263.494999 0.983987 0.001574 
2457263.495467 0.984354 0.001586 
2457263.495934 0.982850 0.001559 
2457263.496401 0.981504 0.001566 
2457263.496869 0.985781 0.001573 
2457263.497339 0.983562 0.001574 
2457263.497809 0.985520 0.001582 
2457263.498280 0.984018 0.001569 
2457263.498751 0.983527 0.001559 
2457263.499225 0.987540 0.001587 
2457263.499698 0.981742 0.001573 
2457263.500173 0.982701 0.001566 
2457263.500647 0.983412 0.001573 
2457263.501123 0.989078 0.001601 
2457263.501599 0.986626 0.001580 
2457263.502075 0.985224 0.001591 
2457263.502567 0.986028 0.001603 
2457263.503022 0.982862 0.001602 
2457263.503483 0.983775 0.001609 
2457263.503942 0.985592 0.001601 
2457263.504405 0.986149 0.001611 
2457263.504868 0.984156 0.001622 
2457263.505331 0.982838 0.001621 
2457263.505793 0.985516 0.001655 
2457263.506257 0.984584 0.001665 
2457263.506721 0.983582 0.001681 
2457263.507185 0.985236 0.001713 
2457263.507649 0.985283 0.001732 
2457263.508116 0.988808 0.001746 
2457263.508582 0.985813 0.001771 
2457263.509048 0.982142 0.001777 
2457263.509515 0.985536 0.001774 
2457263.509983 0.987635 0.001811 
2457263.510456 0.985545 0.001834 
2457263.510926 0.984544 0.001859 
2457263.511395 0.986379 0.001873 
2457263.511867 0.986365 0.001902 
2457263.512338 0.988067 0.001942 
2457263.512810 0.988382 0.001970 
2457263.513285 0.985328 0.002001 
2457263.513758 0.985068 0.002036 
2457263.514222 0.987378 0.002079 
2457263.514688 0.986214 0.002110 
2457263.515148 0.989774 0.002158 
2457263.515608 0.988115 0.002164 
2457263.516068 0.988524 0.002233 
2457263.516529 0.985391 0.002277 
2457263.516991 0.987281 0.002281 
2457263.517453 0.990607 0.002313 
2457263.517916 0.990138 0.002323 
2457263.518379 0.988720 0.002394 
2457263.518842 0.994225 0.002426 
2457263.519309 0.985978 0.001947 
2457263.519775 0.987650 0.001596 
2457263.520241 0.989420 0.001592 
2457263.520703 0.989545 0.001614 
2457263.521167 0.990117 0.001602 
2457263.521628 0.990027 0.001593 
2457263.522090 0.992660 0.001615 
2457263.522552 0.990784 0.001596 
2457263.523015 0.991432 0.001597 
2457263.523477 0.998756 0.001606 
2457263.523941 0.997839 0.001599 
2457263.524405 0.995485 0.001597 
2457263.524870 0.994690 0.001621 
2457263.525335 0.994535 0.001609 
2457263.525800 0.995885 0.001614 
2457263.526266 0.999290 0.001627 
2457263.526734 0.997505 0.001644 
2457263.527200 1.000795 0.001631 
2457263.527669 0.996860 0.001645 
2457263.528137 0.994899 0.001619 
2457263.528607 0.995704 0.001637 
2457263.529078 1.001136 0.001649 
2457263.529547 0.997929 0.001644 
2457263.530023 0.998405 0.001653 
2457263.530489 0.999104 0.001637 
2457263.530950 1.002091 0.001647 
2457263.531411 1.000041 0.001675 
2457263.531872 0.997932 0.001642 
2457263.532335 0.996500 0.001649 
2457263.532797 1.001383 0.001667 
2457263.533260 1.001373 0.001659 
2457263.533723 1.000712 0.001654 
2457263.534187 1.003818 0.001683 
2457263.534652 1.002192 0.001681 
2457263.535118 1.001860 0.001664 
2457263.535582 0.995492 0.001661 
2457263.536045 1.000721 0.001659 
2457263.536504 0.999679 0.001675 
2457263.536964 1.000870 0.001675 
2457263.537427 0.995582 0.001663 
2457263.537889 0.999810 0.001694 
2457263.538351 1.000677 0.001689 
2457263.538814 1.000705 0.001688 
2457263.539277 0.994948 0.001666 
2457263.539740 1.001244 0.001690 
2457263.540203 0.999822 0.001678 
2457263.540670 0.999333 0.001694 
2457263.541134 1.005437 0.001710 
2457263.541599 0.999058 0.001687 
2457263.542068 1.002688 0.001713 
2457263.542543 1.001740 0.001687 
2457263.543005 0.999711 0.001696 
2457263.543465 1.000141 0.001698 
2457263.543998 1.000203 0.001698 
2457263.544463 0.998920 0.001719 
2457263.545015 1.000710 0.001711 
2457263.545507 1.001969 0.001742 
2457263.545976 1.004401 0.001738 
2457263.546478 0.997485 0.001721 
2457263.546942 0.995187 0.001699 
2457263.547407 0.996707 0.001727 
2457263.547875 1.003245 0.001736 
2457263.548339 1.002457 0.001737 
2457263.548809 1.002391 0.001752 
2457263.549273 0.998625 0.001733 
2457263.549736 0.996605 0.001715 
2457263.550200 0.992308 0.001708 
2457263.550665 0.998393 0.001741 
2457263.551129 0.999558 0.001739 
2457263.551596 1.003911 0.001704 
2457263.552062 0.998162 0.001726 
2457263.552567 1.004181 0.001740 
2457263.553022 0.996542 0.001723 
2457263.553481 1.002006 0.001742 
2457263.553941 0.997971 0.001745 
2457263.554402 0.999253 0.001751 
2457263.559680 1.005491 0.001741 
2457263.560624 0.997169 0.001745 
2457263.561079 0.996492 0.001750 
2457263.561542 1.002664 0.001754 
2457263.562003 1.001536 0.001757 
2457263.562464 1.001988 0.001760 
2457263.562926 0.999589 0.001791 
2457263.563387 1.001338 0.001782 
2457263.563849 0.994290 0.001779 
2457263.564312 1.000809 0.001793 
2457263.564777 0.994455 0.001761 
2457263.565240 0.999493 0.001839 
2457263.565711 0.997852 0.001830 
2457263.566212 1.004900 0.001819 
2457263.566676 1.007006 0.001834 
2457263.567142 0.996916 0.001829 
2457263.567609 1.004316 0.001813 
2457263.568076 1.000164 0.001828 
2457263.568542 0.999209 0.001840 
2457263.569009 0.997870 0.001821 
2457263.569477 0.996535 0.001824 
2457263.569947 1.000496 0.001819 
2457263.570415 0.999703 0.001826 
2457263.570885 1.000759 0.001826 
2457263.571355 0.999560 0.001824 
2457263.571828 1.000701 0.001841 
2457263.572300 1.005357 0.001855 
2457263.572772 0.996992 0.001838 
2457263.573248 1.000973 0.001847 
2457263.573723 0.994654 0.001851 
2457263.574214 1.000342 0.001815 
2457263.574755 1.000385 0.001860 
2457263.575283 1.000404 0.001854 
2457263.575762 1.011786 0.001897 
2457263.576239 1.001894 0.001887 
2457263.576719 1.000682 0.001872 
2457263.577200 1.001228 0.001861 
2457263.577683 0.995559 0.001854 
2457263.578167 0.997088 0.001864 
2457263.578650 1.003341 0.001895 
2457263.579138 0.999564 0.001866 
2457263.579626 0.996710 0.001873 
2457263.580115 0.997751 0.001866 
2457263.580604 0.997368 0.001887 
2457263.581092 1.000650 0.001940 
2457263.581583 0.997085 0.001900 
2457263.582075 1.000502 0.001922 
2457263.582566 0.999998 0.001908 
2457263.583060 0.997106 0.001907 
2457263.583553 0.998774 0.001915 
2457263.584045 1.003213 0.001930 
2457263.585031 1.000554 0.004178 
2457263.585508 1.005020 0.001751 
2457263.585508 0.996526 0.001748 
