Title: WASP-14 T35 Light Curve on 2019-07-03
Authors: Basturk et al. (2021)
Table:
================================================================================
Byte-by-byte Description of file: wasp14_20190703_T35.txt
--------------------------------------------------------------------------------
   Bytes Format Units Label    Explanations
--------------------------------------------------------------------------------
   1- 14 F14.6  d       BJD-TDB  Barycentric Dynamical Time in Julian Days
  16- 23 F8.6   ---     Flux     Normalized Flux
  25- 32 F8.6   ---     FluxErr  Error in Normalized Flux Units
--------------------------------------------------------------------------------
Note (1):   Passband: Bessel-R
Note (2):   ***OR REMOVE THIS SECTION***
--------------------------------------------------------------------------------
2458668.303612 0.996946 0.005322 
2458668.304203 0.998403 0.005329 
2458668.305013 1.003650 0.005606 
2458668.305591 0.993936 0.005407 
2458668.306159 1.006903 0.005344 
2458668.306749 0.999419 0.005407 
2458668.307327 1.005199 0.005348 
2458668.307906 1.008519 0.005332 
2458668.308485 1.000544 0.005390 
2458668.309063 1.001891 0.005358 
2458668.309642 0.998952 0.005258 
2458668.310811 1.008168 0.005563 
2458668.311390 0.992566 0.005413 
2458668.311968 0.995309 0.005338 
2458668.312559 1.008312 0.005407 
2458668.313137 1.002249 0.005310 
2458668.313716 0.999184 0.005338 
2458668.314295 0.996775 0.005286 
2458668.314862 1.006013 0.005345 
2458668.315440 1.002310 0.005308 
2458668.316031 0.992495 0.005409 
2458668.318148 1.001892 0.005519 
2458668.318727 1.001918 0.005352 
2458668.319306 0.989767 0.005151 
2458668.319884 1.002628 0.005546 
2458668.320463 1.000864 0.005620 
2458668.321042 0.997786 0.005369 
2458668.321620 0.997749 0.005227 
2458668.322199 0.995193 0.005325 
2458668.322778 0.994515 0.005299 
2458668.323356 1.002746 0.005243 
2458668.323935 0.992208 0.005237 
2458668.324514 0.998449 0.005224 
2458668.325092 1.005850 0.005359 
2458668.325671 0.997307 0.005339 
2458668.326238 0.998346 0.005373 
2458668.326817 0.991980 0.005279 
2458668.327511 1.008285 0.005385 
2458668.328078 0.993840 0.005366 
2458668.328668 1.004509 0.005481 
2458668.329247 1.005539 0.005534 
2458668.329826 0.994016 0.005336 
2458668.330393 0.997821 0.005366 
2458668.330971 1.000302 0.005455 
2458668.331562 1.000264 0.005420 
2458668.332129 1.001444 0.005529 
2458668.332719 1.003692 0.005504 
2458668.333865 0.997178 0.005496 
2458668.334455 1.007611 0.005429 
2458668.335034 1.002678 0.005480 
2458668.335612 1.000594 0.005387 
2458668.336179 0.983146 0.005407 
2458668.336758 1.000939 0.005584 
2458668.337337 1.004957 0.005574 
2458668.337915 1.009372 0.005631 
2458668.338494 1.005297 0.005731 
2458668.339073 0.998613 0.005427 
2458668.339651 1.002313 0.005444 
2458668.340230 0.993339 0.005389 
2458668.340797 1.003985 0.005445 
2458668.341387 0.993649 0.005224 
2458668.341966 0.995317 0.005547 
2458668.342545 0.996686 0.005492 
2458668.343123 0.988865 0.005660 
2458668.343702 0.993029 0.005510 
2458668.344281 1.005904 0.005519 
2458668.344859 0.994509 0.005389 
2458668.345426 1.004803 0.005431 
2458668.346595 1.000530 0.005522 
2458668.347162 0.991630 0.005536 
2458668.347753 0.991578 0.005444 
2458668.348331 1.003027 0.005657 
2458668.349986 0.989385 0.005669 
2458668.350565 0.994735 0.005640 
2458668.351155 0.998563 0.005712 
2458668.351722 0.989526 0.005639 
2458668.352301 0.984679 0.005509 
2458668.352891 0.990758 0.005521 
2458668.353470 0.984615 0.005585 
2458668.354048 0.993629 0.005534 
2458668.354627 0.983629 0.005354 
2458668.355206 0.983160 0.005737 
2458668.355784 0.986360 0.005413 
2458668.356363 0.988046 0.005701 
2458668.356942 0.999306 0.005637 
2458668.358099 0.991466 0.005624 
2458668.358678 1.000947 0.005903 
2458668.359256 0.998384 0.005769 
2458668.359835 0.996782 0.005794 
2458668.360414 0.993683 0.005664 
2458668.360981 0.983306 0.005649 
2458668.361559 0.984465 0.005594 
2458668.362138 0.987061 0.005934 
2458668.362717 0.988398 0.005654 
2458668.363874 0.987085 0.005706 
2458668.364453 1.003136 0.005772 
2458668.365031 0.983243 0.005846 
2458668.365598 0.993787 0.005866 
2458668.366756 0.981049 0.005614 
2458668.367334 0.993841 0.005865 
2458668.367913 0.994839 0.005851 
2458668.368492 1.001912 0.006004 
2458668.369070 0.985590 0.005829 
2458668.369649 0.981337 0.007343 
2458668.370228 0.991063 0.005847 
2458668.370806 0.982765 0.005862 
2458668.371385 0.988404 0.006000 
2458668.371964 0.989591 0.006004 
2458668.372542 0.993741 0.005804 
2458668.373121 0.997420 0.006010 
2458668.373711 0.979296 0.005735 
2458668.374278 0.984258 0.005945 
2458668.374857 1.001507 0.005886 
2458668.375436 0.983506 0.005817 
2458668.376014 0.982952 0.005853 
2458668.376593 0.996707 0.006036 
2458668.377172 0.977019 0.005713 
2458668.377750 0.994991 0.005776 
2458668.378329 0.999083 0.005927 
2458668.378908 0.993650 0.005837 
2458668.379486 0.988565 0.005729 
2458668.380065 0.989226 0.005722 
2458668.380644 1.000994 0.006017 
2458668.381222 0.991354 0.005754 
2458668.381801 0.988024 0.005732 
2458668.382380 0.991266 0.005934 
2458668.382958 0.990591 0.005908 
2458668.383548 1.000241 0.005792 
2458668.384127 0.989363 0.005794 
2458668.384960 0.981039 0.005797 
2458668.385539 0.984792 0.005964 
2458668.386106 0.978732 0.005858 
2458668.386685 0.980399 0.005681 
2458668.387263 0.993724 0.005906 
2458668.387842 0.993030 0.006077 
2458668.388432 0.985196 0.005906 
2458668.389011 0.989134 0.005847 
2458668.389590 1.002936 0.006086 
2458668.390168 0.986893 0.005783 
2458668.391326 0.981537 0.005754 
2458668.391904 0.991867 0.006015 
2458668.392483 0.988106 0.006189 
2458668.393073 0.989697 0.006075 
2458668.393652 0.980846 0.005897 
2458668.394231 0.996618 0.006122 
2458668.394798 0.985772 0.005791 
2458668.395388 0.989640 0.006065 
2458668.395966 0.984509 0.006159 
2458668.396545 0.990217 0.005993 
2458668.397124 0.994244 0.006398 
2458668.397702 0.985414 0.006051 
2458668.398281 0.994190 0.006300 
2458668.398860 0.999329 0.006092 
2458668.399438 0.987389 0.006026 
2458668.400017 0.995310 0.006334 
2458668.400596 0.982886 0.006109 
2458668.401741 0.983203 0.005896 
2458668.402332 0.989273 0.006105 
2458668.403489 0.998458 0.006492 
2458668.404068 0.990962 0.006164 
2458668.404646 0.998563 0.006221 
2458668.405225 0.986669 0.006203 
2458668.405804 0.980610 0.006104 
2458668.406382 0.989564 0.006175 
2458668.406961 0.987896 0.006359 
2458668.407528 0.978527 0.006052 
2458668.408118 0.998669 0.006480 
2458668.408697 0.993701 0.006537 
2458668.409276 0.993838 0.006268 
2458668.409854 0.995244 0.006474 
2458668.410433 0.993823 0.006259 
2458668.411023 1.003292 0.006605 
2458668.411590 0.984266 0.006397 
2458668.412169 0.980993 0.006099 
2458668.412748 0.982820 0.006290 
2458668.413326 0.988822 0.006424 
2458668.413905 0.993773 0.006842 
2458668.414484 0.989041 0.006407 
2458668.415062 0.977825 0.006071 
2458668.415652 1.003449 0.006598 
2458668.416220 1.001148 0.006690 
2458668.416798 0.986158 0.006696 
2458668.417377 0.988247 0.006701 
2458668.417956 0.997970 0.009296 
2458668.418534 0.991014 0.006618 
2458668.419113 0.976648 0.006415 
2458668.419692 0.984134 0.006610 
2458668.420270 0.992270 0.007080 
2458668.420849 0.990909 0.006649 
2458668.421427 0.992583 0.006591 
2458668.422006 1.000998 0.006742 
2458668.422585 0.988764 0.006875 
2458668.423163 0.987481 0.006923 
2458668.423731 0.984984 0.006634 
2458668.424309 0.991686 0.006871 
2458668.424888 0.998975 0.007322 
2458668.425467 0.990275 0.006863 
2458668.426624 0.988713 0.006732 
2458668.427202 0.995420 0.007014 
2458668.427781 0.993277 0.006878 
2458668.428360 0.991602 0.007200 
2458668.428938 0.995562 0.006827 
2458668.429506 0.982080 0.007093 
2458668.430084 0.990781 0.007045 
2458668.430663 0.982577 0.006926 
2458668.431242 0.988199 0.007159 
2458668.431820 0.989601 0.007207 
2458668.432399 0.989346 0.006935 
2458668.434135 1.004337 0.007235 
2458668.434713 0.981898 0.007318 
2458668.435304 0.984763 0.007628 
2458668.435871 0.989001 0.007167 
2458668.436461 0.983027 0.007303 
2458668.437618 0.997175 0.007419 
2458668.438197 0.998938 0.007365 
2458668.439933 1.001130 0.007488 
2458668.440512 1.000262 0.007982 
2458668.441090 0.985834 0.007523 
2458668.442248 0.980362 0.007240 
2458668.442826 0.997304 0.007945 
2458668.443984 1.000114 0.007972 
2458668.444562 0.986995 0.007629 
2458668.445720 0.988001 0.007533 
2458668.446298 0.988407 0.007814 
2458668.446877 0.995936 0.007647 
2458668.448034 1.010247 0.007854 
2458668.448613 0.996581 0.008019 
2458668.449192 1.010096 0.007905 
2458668.449770 1.001609 0.007945 
2458668.450349 1.007493 0.008340 
2458668.450928 0.988979 0.007985 
2458668.451506 0.995199 0.008032 
2458668.452085 1.000992 0.008110 
2458668.452663 1.001779 0.008847 
2458668.453242 1.009414 0.008248 
2458668.453821 1.011540 0.008354 
2458668.454399 0.993830 0.008295 
2458668.454978 1.007060 0.008260 
2458668.455557 0.990793 0.008135 
2458668.456135 1.012582 0.008428 
2458668.457293 0.988502 0.008479 
2458668.457860 1.007137 0.009030 
2458668.458439 1.003932 0.009107 
2458668.459017 0.993879 0.008372 
2458668.459607 0.998771 0.008439 
2458668.460174 0.998409 0.009207 
2458668.460753 0.997559 0.008465 
2458668.461922 1.008317 0.008937 
2458668.463646 0.999252 0.008821 
2458668.465382 0.996135 0.008801 
2458668.465961 1.005069 0.009027 
2458668.468276 0.997868 0.009313 
2458668.468854 1.004483 0.009143 
2458668.470012 0.997358 0.009420 
2458668.470590 1.002093 0.009367 
2458668.471169 0.998288 0.009415 
2458668.471748 0.995068 0.009633 
2458668.473484 0.992593 0.009724 
2458668.474062 0.996845 0.009967 
2458668.474641 1.005015 0.010234 
2458668.475220 1.008257 0.010261 
2458668.475787 1.010150 0.010168 
2458668.476377 0.997412 0.010810 
2458668.476956 0.996706 0.010073 
2458668.477534 0.992810 0.010172 
2458668.478113 1.007210 0.010280 
2458668.478692 0.997606 0.010565 
