Title: WASP-2 ATA50 Light Curve on 2020-10-12
Authors: Basturk et al. (2021)
Table:
================================================================================
Byte-by-byte Description of file: wasp2_20201012_ATA50.txt
--------------------------------------------------------------------------------
   Bytes Format Units Label    Explanations
--------------------------------------------------------------------------------
   1- 14 F14.6  d       BJD-TDB  Barycentric Dynamical Time in Julian Days
  16- 23 F8.6   ---     Flux     Normalized Flux
  25- 32 F8.6   ---     FluxErr  Error in Normalized Flux Units
--------------------------------------------------------------------------------
Note (1):   Passband: Johnson-R
Note (2):   ***OR REMOVE THIS SECTION***
--------------------------------------------------------------------------------
2459135.211558 0.998392 0.003583 
2459135.213039 1.001888 0.003622 
2459135.214532 1.000684 0.003581 
2459135.216013 0.998810 0.003609 
2459135.217495 1.003468 0.003613 
2459135.218976 0.998772 0.003577 
2459135.220469 0.998010 0.003648 
2459135.221950 1.000018 0.003599 
2459135.223432 1.002811 0.003595 
2459135.224913 1.000309 0.003579 
2459135.226406 1.000781 0.003578 
2459135.227887 0.999933 0.003643 
2459135.233824 0.998349 0.003643 
2459135.235306 1.002256 0.003583 
2459135.236787 1.000097 0.003563 
2459135.238280 0.999709 0.003547 
2459135.239761 1.001154 0.003588 
2459135.241243 1.001358 0.003596 
2459135.242724 0.995693 0.003638 
2459135.244217 0.998219 0.003585 
2459135.245698 1.000346 0.003588 
2459135.247180 1.004906 0.003594 
2459135.248673 0.997716 0.003615 
2459135.250154 1.001824 0.003610 
2459135.251635 0.997140 0.003598 
2459135.253128 1.001114 0.003645 
2459135.254610 0.998103 0.003599 
2459135.256091 0.998987 0.003555 
2459135.257572 1.003571 0.003600 
2459135.259065 1.000994 0.003621 
2459135.260547 0.999214 0.003566 
2459135.262028 1.002169 0.003594 
2459135.263509 0.998642 0.003580 
2459135.265002 1.000154 0.003628 
2459135.266484 1.000063 0.003589 
2459135.267965 1.002087 0.003629 
2459135.269446 0.998250 0.003611 
2459135.270928 1.003295 0.003637 
2459135.272421 1.001894 0.003621 
2459135.273902 0.998917 0.003637 
2459135.275383 0.999866 0.003642 
2459135.276865 1.001123 0.003609 
2459135.278358 0.997123 0.003590 
2459135.279839 1.002331 0.003633 
2459135.281320 0.998106 0.003676 
2459135.282802 0.999746 0.003632 
2459135.284283 1.001936 0.003645 
2459135.285845 1.001744 0.003647 
2459135.287327 0.993589 0.003653 
2459135.288808 1.000508 0.003681 
2459135.290290 1.000884 0.003646 
2459135.291782 0.992713 0.003617 
2459135.293264 0.996655 0.003633 
2459135.294745 0.994874 0.003667 
2459135.296238 0.991497 0.003671 
2459135.297719 0.995151 0.003659 
2459135.299201 0.993184 0.003676 
2459135.300682 0.985027 0.003765 
2459135.304015 0.985283 0.003680 
2459135.305497 0.984109 0.003678 
2459135.306978 0.987936 0.003736 
2459135.308459 0.980349 0.003817 
2459135.309952 0.986806 0.003728 
2459135.311434 0.985755 0.003734 
2459135.312915 0.984328 0.003793 
2459135.314396 0.979008 0.003835 
2459135.315889 0.984956 0.003834 
2459135.317371 0.987126 0.003764 
2459135.318852 0.986863 0.003787 
2459135.320333 0.981829 0.003754 
2459135.321826 0.986567 0.003786 
2459135.323308 0.984523 0.003921 
2459135.324789 0.980299 0.003895 
2459135.326270 0.981469 0.004012 
2459135.327763 0.984214 0.003864 
2459135.329245 0.983427 0.003906 
2459135.330726 0.988674 0.003949 
2459135.332207 0.983293 0.003976 
2459135.333700 0.983768 0.004021 
2459135.335182 0.987991 0.003981 
2459135.336663 0.983716 0.003944 
2459135.338144 0.984788 0.003951 
2459135.339637 0.988707 0.004169 
2459135.341119 0.982709 0.004184 
2459135.342600 0.985769 0.004141 
2459135.344093 0.988768 0.004062 
2459135.345574 0.987539 0.004253 
2459135.347056 0.990690 0.004300 
2459135.348537 0.992271 0.004270 
2459135.350030 0.992041 0.004269 
2459135.351511 0.995733 0.004274 
2459135.352993 0.991607 0.004453 
2459135.354474 0.994485 0.004380 
2459135.355967 0.993078 0.004374 
2459135.357448 0.993747 0.004461 
2459135.360365 1.004148 0.004557 
2459135.361846 0.999867 0.004546 
2459135.363339 1.003732 0.004565 
2459135.364820 1.000197 0.004583 
2459135.367783 0.999155 0.004719 
2459135.369276 1.001186 0.004734 
2459135.370757 1.001810 0.004812 
2459135.375213 0.998715 0.004856 
2459135.376694 0.999428 0.004929 
2459135.379657 0.999320 0.005065 
2459135.381150 1.000682 0.005248 
2459135.382631 0.996533 0.005444 
2459135.384113 0.999986 0.005456 
2459135.385594 1.001585 0.005515 
