Title: WASP-74 IST60 Light Curve on 2020-08-14
Authors: Basturk et al. (2021)
Table:
================================================================================
Byte-by-byte Description of file: wasp74_20200814_IST60.txt
--------------------------------------------------------------------------------
   Bytes Format Units Label    Explanations
--------------------------------------------------------------------------------
   1- 14 F14.6  d       BJD-TDB  Barycentric Dynamical Time in Julian Days
  16- 23 F8.6   ---     Flux     Normalized Flux
  25- 32 F8.6   ---     FluxErr  Error in Normalized Flux Units
--------------------------------------------------------------------------------
Note (1):   Passband: Bessel-R
Note (2):   ***OR REMOVE THIS SECTION***
--------------------------------------------------------------------------------
2459076.386177 0.999673 0.001115 
2459076.387971 1.000145 0.001114 
2459076.389753 1.000962 0.001116 
2459076.391535 0.999944 0.001113 
2459076.393318 0.999884 0.001111 
2459076.395100 0.999253 0.001110 
2459076.396882 0.999367 0.001112 
2459076.398665 1.001362 0.001115 
2459076.400447 0.999300 0.001107 
2459076.402230 1.000968 0.001111 
2459076.404012 0.999161 0.001108 
2459076.405794 1.000346 0.001113 
2459076.407577 0.998122 0.001108 
2459076.409359 1.000881 0.001117 
2459076.411141 1.001361 0.001114 
2459076.412924 0.999942 0.001117 
2459076.414706 0.999961 0.001111 
2459076.416488 0.998331 0.001111 
2459076.418271 1.000837 0.001113 
2459076.420053 1.000276 0.001117 
2459076.421836 0.998274 0.001112 
2459076.423618 0.999226 0.001111 
2459076.425400 0.998770 0.001104 
2459076.427183 0.997352 0.001103 
2459076.428965 0.996531 0.001099 
2459076.430747 0.996630 0.001097 
2459076.432530 0.994734 0.001099 
2459076.434312 0.996875 0.001097 
2459076.436094 0.993843 0.001096 
2459076.437877 0.994073 0.001091 
2459076.439659 0.993887 0.001097 
2459076.441442 0.995220 0.001099 
2459076.443224 0.992123 0.001092 
2459076.445006 0.994184 0.001091 
2459076.446789 0.992522 0.001090 
2459076.448583 0.993377 0.001092 
2459076.450365 0.993003 0.001099 
2459076.452147 0.993492 0.001096 
2459076.453930 0.993328 0.001096 
2459076.455712 0.992039 0.001092 
2459076.457494 0.993077 0.001099 
2459076.459277 0.992552 0.001094 
2459076.461059 0.991976 0.001092 
2459076.462830 0.993258 0.001099 
2459076.464612 0.993736 0.001097 
2459076.466395 0.993264 0.001099 
2459076.468177 0.991178 0.001090 
2459076.469959 0.993898 0.001099 
2459076.471742 0.992383 0.001094 
2459076.473524 0.992393 0.001089 
2459076.475306 0.992575 0.001093 
2459076.477089 0.993269 0.001091 
2459076.478883 0.993173 0.001091 
2459076.480665 0.994504 0.001096 
2459076.482447 0.991416 0.001085 
2459076.484230 0.994045 0.001089 
2459076.486012 0.994090 0.001091 
2459076.487794 0.992357 0.001084 
2459076.489577 0.995876 0.001094 
2459076.491359 0.993970 0.001092 
2459076.493142 0.994746 0.001094 
2459076.494924 0.995694 0.001092 
2459076.496706 0.995278 0.001094 
2459076.498489 0.997001 0.001093 
2459076.500271 0.998317 0.001090 
2459076.502053 0.996975 0.001089 
2459076.503836 0.997942 0.001091 
2459076.505618 0.997424 0.001090 
2459076.507400 0.999563 0.001092 
2459076.509183 0.999937 0.001099 
2459076.510965 0.999203 0.001093 
2459076.512748 1.000586 0.001096 
2459076.514530 0.999848 0.001098 
2459076.516312 0.998415 0.001090 
2459076.518095 1.000929 0.001095 
2459076.519877 0.999940 0.001101 
2459076.521659 1.001504 0.001105 
2459076.523951 0.999709 0.001114 
2459076.525733 0.998859 0.001107 
2459076.527516 1.000228 0.001107 
2459076.529298 1.002010 0.001115 
2459076.531080 0.999336 0.001114 
2459076.532863 0.999045 0.001109 
2459076.534645 0.999492 0.001116 
2459076.536427 0.999221 0.001112 
2459076.538210 1.001766 0.001125 
2459076.543557 1.001454 0.001166 
2459076.545339 0.998112 0.001158 
2459076.547122 0.999372 0.001175 
2459076.550686 1.000507 0.001197 
2459076.552469 1.000971 0.001213 
2459076.554263 1.000761 0.001218 
2459076.556045 0.998818 0.001225 
2459076.559610 1.001579 0.001254 
2459076.561392 0.998312 0.001265 
