Title: WASP-103 T35 Light Curve on 2018-07-01
Authors: Basturk et al. (2021)
Table:
================================================================================
Byte-by-byte Description of file: wasp103_20180701_T35.txt
--------------------------------------------------------------------------------
   Bytes Format Units Label    Explanations
--------------------------------------------------------------------------------
   1- 14 F14.6  d       BJD-TDB  Barycentric Dynamical Time in Julian Days
  16- 23 F8.6   ---     Flux     Normalized Flux
  25- 32 F8.6   ---     FluxErr  Error in Normalized Flux Units
--------------------------------------------------------------------------------
Note (1):   Passband: Clear
Note (2):   ***OR REMOVE THIS SECTION***
--------------------------------------------------------------------------------
2458301.324797 0.999418 0.001547 
2458301.329149 1.000013 0.001570 
2458301.331336 1.000400 0.001573 
2458301.336405 1.001477 0.001567 
2458301.340757 1.000424 0.001587 
2458301.341486 0.998529 0.001587 
2458301.343662 1.000097 0.001636 
2458301.344379 1.000716 0.001583 
2458301.349460 0.998024 0.001590 
2458301.352354 0.999464 0.001597 
2458301.353800 1.003203 0.001607 
2458301.354529 0.999974 0.001590 
2458301.355259 0.996443 0.001600 
2458301.355988 1.000625 0.001607 
2458301.356717 0.998804 0.001630 
2458301.357446 1.002212 0.001604 
2458301.358175 1.001101 0.001587 
2458301.358893 0.999156 0.001617 
2458301.361068 1.000474 0.001614 
2458301.361798 1.002010 0.001627 
2458301.363256 0.998495 0.001614 
2458301.365432 0.999287 0.001620 
2458301.366161 0.999398 0.001624 
2458301.366890 1.001058 0.001627 
2458301.367619 1.001256 0.001630 
2458301.368337 0.998176 0.001624 
2458301.369066 1.001028 0.001630 
2458301.369795 0.999385 0.001621 
2458301.370524 1.002722 0.001644 
2458301.371971 0.996419 0.001654 
2458301.372700 1.000032 0.001647 
2458301.374147 0.997354 0.001667 
2458301.374876 1.000307 0.001664 
2458301.375605 1.001935 0.001687 
2458301.376334 0.996851 0.001680 
2458301.377051 1.002924 0.001687 
2458301.377781 1.002105 0.001674 
2458301.378498 1.000142 0.001667 
2458301.379227 1.002362 0.001704 
2458301.379945 0.997754 0.001684 
2458301.380674 0.998881 0.001674 
2458301.382850 0.999754 0.001684 
2458301.383579 0.996447 0.001641 
2458301.384296 0.998189 0.001658 
2458301.385026 0.992989 0.001654 
2458301.385755 0.993976 0.001651 
2458301.386472 0.996428 0.001645 
2458301.387919 0.994989 0.001661 
2458301.388648 0.992461 0.001661 
2458301.389366 0.987842 0.001661 
2458301.390095 0.991805 0.001698 
2458301.390824 0.990053 0.001671 
2458301.391553 0.988617 0.001658 
2458301.392271 0.987376 0.001682 
2458301.393000 0.987793 0.001658 
2458301.393729 0.985955 0.001668 
2458301.394458 0.990260 0.001678 
2458301.395187 0.990712 0.001665 
2458301.395916 0.989237 0.001708 
2458301.396645 0.987907 0.001662 
2458301.398092 0.989980 0.001679 
2458301.398821 0.987345 0.001692 
2458301.400268 0.989258 0.001662 
2458301.400986 0.985847 0.001682 
2458301.401715 0.985977 0.001682 
2458301.402444 0.987395 0.001666 
2458301.403173 0.986790 0.001676 
2458301.403890 0.989545 0.001683 
2458301.404608 0.988985 0.001686 
2458301.405337 0.984390 0.001673 
2458301.406066 0.985414 0.001676 
2458301.407513 0.986028 0.001670 
2458301.408242 0.985106 0.001680 
2458301.408971 0.989161 0.001696 
2458301.409700 0.990235 0.001703 
2458301.410418 0.986424 0.001683 
2458301.411147 0.983507 0.001683 
2458301.411876 0.989629 0.001690 
2458301.412594 0.984787 0.001693 
2458301.413323 0.987435 0.001703 
2458301.414052 0.985339 0.001694 
2458301.414770 0.987058 0.001697 
2458301.415499 0.983695 0.001690 
2458301.416228 0.984071 0.001730 
2458301.416957 0.985435 0.001704 
2458301.417675 0.986526 0.001780 
2458301.418392 0.981909 0.001727 
2458301.419121 0.985914 0.001717 
2458301.419850 0.987265 0.001724 
2458301.420568 0.987456 0.001711 
2458301.421297 0.989295 0.001734 
2458301.422015 0.987977 0.001728 
2458301.422744 0.983028 0.001715 
2458301.424190 0.985080 0.001718 
2458301.424920 0.984164 0.001728 
2458301.425637 0.987330 0.001738 
2458301.426366 0.987642 0.001718 
2458301.427095 0.982593 0.001719 
2458301.427825 0.983659 0.001722 
2458301.428542 0.990236 0.001742 
2458301.429260 0.984299 0.001745 
2458301.429989 0.985244 0.001752 
2458301.430718 0.982250 0.001756 
2458301.432165 0.987393 0.001776 
2458301.432894 0.988739 0.001802 
2458301.433623 0.987207 0.001776 
2458301.434352 0.987579 0.001773 
2458301.435081 0.981042 0.001756 
2458301.435799 0.984663 0.001757 
2458301.436528 0.987908 0.001777 
2458301.437245 0.983109 0.001763 
2458301.437975 0.989454 0.001774 
2458301.438704 0.986147 0.001804 
2458301.439433 0.988450 0.001790 
2458301.440150 0.983197 0.001794 
2458301.440879 0.984592 0.001781 
2458301.441609 0.989152 0.001794 
2458301.442326 0.984266 0.001808 
2458301.443055 0.982337 0.001798 
2458301.443784 0.984488 0.001805 
2458301.444525 0.984728 0.001825 
2458301.445254 0.991016 0.001825 
2458301.445983 0.986064 0.001835 
2458301.446713 0.984397 0.001832 
2458301.448182 0.984468 0.001859 
2458301.448900 0.985462 0.001849 
2458301.450370 0.985389 0.001869 
2458301.451828 0.985541 0.001880 
2458301.452557 0.989737 0.001866 
2458301.454027 0.982020 0.001874 
2458301.454756 0.985977 0.001874 
2458301.455485 0.985555 0.001904 
2458301.456203 0.990111 0.001921 
2458301.456932 0.983496 0.001911 
2458301.457661 0.988972 0.001911 
2458301.458390 0.988738 0.001921 
2458301.459108 0.983314 0.001938 
2458301.459837 0.989338 0.001958 
2458301.460554 0.987537 0.001955 
2458301.461284 0.984129 0.001969 
2458301.462730 0.987359 0.001976 
2458301.463459 0.987247 0.001970 
2458301.464177 0.983223 0.001983 
2458301.464906 0.988196 0.001980 
2458301.465624 0.987585 0.001984 
2458301.466353 0.988732 0.001984 
2458301.467082 0.986585 0.001994 
2458301.467811 0.985274 0.001994 
2458301.469246 0.988561 0.002025 
2458301.469975 0.989125 0.002079 
2458301.470693 0.992871 0.002045 
2458301.471422 0.989228 0.002049 
2458301.472151 0.984972 0.002066 
2458301.472869 0.984232 0.002073 
2458301.474315 0.993829 0.002070 
2458301.475045 0.989584 0.002101 
2458301.475762 0.983800 0.002118 
2458301.476491 0.990758 0.002118 
2458301.477220 0.987137 0.002145 
2458301.477938 0.996171 0.002135 
2458301.478667 0.988563 0.002179 
2458301.479385 0.987408 0.002179 
2458301.481560 0.993163 0.002164 
2458301.482290 0.998519 0.002198 
2458301.483007 1.000633 0.002218 
2458301.483736 0.990239 0.002215 
2458301.484465 1.000300 0.002239 
2458301.485195 0.996052 0.002236 
2458301.485924 0.990453 0.002230 
2458301.486641 1.001717 0.002254 
2458301.487370 1.003263 0.002264 
2458301.488099 1.000065 0.002258 
2458301.488817 0.999301 0.002268 
2458301.489546 1.000113 0.002326 
2458301.490275 1.000356 0.002293 
2458301.491166 0.997670 0.002293 
2458301.491896 0.999343 0.002317 
2458301.492625 0.997918 0.002307 
2458301.493354 0.998788 0.002342 
2458301.494083 1.004398 0.002376 
2458301.494812 0.995682 0.002332 
2458301.495530 1.002619 0.002393 
2458301.496259 1.001768 0.002414 
2458301.496988 1.003091 0.002408 
2458301.498435 0.995244 0.002439 
2458301.500610 1.001874 0.002468 
2458301.501328 1.000951 0.002509 
2458301.502786 0.999274 0.002510 
