Title: WASP-69 CAHA Light Curve on 2015-08-22
Authors: Basturk et al. (2021)
Table:
================================================================================
Byte-by-byte Description of file: wasp69_20150822_CAHA.txt
--------------------------------------------------------------------------------
   Bytes Format Units Label    Explanations
--------------------------------------------------------------------------------
   1- 14 F14.6  d       BJD-TDB  Barycentric Dynamical Time in Julian Days
  16- 23 F8.6   ---     Flux     Normalized Flux
  25- 32 F8.6   ---     FluxErr  Error in Normalized Flux Units
--------------------------------------------------------------------------------
Note (1):   Passband: Cousins-I
Note (2):   ***OR REMOVE THIS SECTION***
--------------------------------------------------------------------------------
2457257.330719 1.000828 0.000364 
2457257.332141 0.998627 0.000366 
2457257.333364 1.000471 0.000363 
2457257.335017 1.000117 0.000352 
2457257.335844 1.001755 0.000346 
2457257.336671 0.998590 0.000348 
2457257.337498 1.000560 0.000346 
2457257.338325 0.999619 0.000345 
2457257.339152 1.000053 0.000343 
2457257.340805 0.999741 0.000343 
2457257.341633 0.999289 0.000343 
2457257.342460 1.001217 0.000345 
2457257.343286 0.999931 0.000342 
2457257.344113 0.999639 0.000340 
2457257.344939 1.000437 0.000340 
2457257.345766 1.000065 0.000339 
2457257.346593 0.999929 0.000339 
2457257.347420 0.999200 0.000336 
2457257.348246 1.002083 0.000338 
2457257.349073 0.998587 0.000338 
2457257.349900 1.000435 0.000336 
2457257.350726 1.000468 0.000338 
2457257.351553 0.998665 0.000336 
2457257.352380 1.002079 0.000338 
2457257.353206 0.998957 0.000337 
2457257.354033 1.000630 0.000339 
2457257.354860 0.998881 0.000336 
2457257.355687 1.001432 0.000342 
2457257.356513 0.999737 0.000336 
2457257.357340 0.999045 0.000334 
2457257.358167 1.000297 0.000335 
2457257.358993 1.000381 0.000335 
2457257.359820 1.000699 0.000333 
2457257.360647 0.999361 0.000336 
2457257.361474 0.998856 0.000333 
2457257.362301 1.000566 0.000335 
2457257.363127 1.000241 0.000334 
2457257.363954 0.998974 0.000337 
2457257.364782 0.997854 0.000337 
2457257.365608 0.996498 0.000334 
2457257.366435 0.999334 0.000333 
2457257.367262 0.996267 0.000335 
2457257.368088 0.995657 0.000338 
2457257.368915 0.995485 0.000337 
2457257.369742 0.992228 0.000336 
2457257.370568 0.993998 0.000335 
2457257.371395 0.992984 0.000334 
2457257.372222 0.992884 0.000333 
2457257.373048 0.990096 0.000333 
2457257.373875 0.990228 0.000331 
2457257.374702 0.988189 0.000331 
2457257.375529 0.990009 0.000331 
2457257.376355 0.988647 0.000328 
2457257.377182 0.986553 0.000329 
2457257.378009 0.985345 0.000327 
2457257.378835 0.986058 0.000329 
2457257.379662 0.985663 0.000329 
2457257.380489 0.984435 0.000326 
2457257.381315 0.984807 0.000327 
2457257.382142 0.983996 0.000325 
2457257.382969 0.984099 0.000330 
2457257.383796 0.981850 0.000328 
2457257.384623 0.984492 0.000326 
2457257.385449 0.984415 0.000327 
2457257.386276 0.982090 0.000328 
2457257.387103 0.983331 0.000329 
2457257.387930 0.981927 0.000329 
2457257.388756 0.983430 0.000329 
2457257.389583 0.981681 0.000330 
2457257.390410 0.982080 0.000333 
2457257.392063 0.981647 0.000335 
2457257.392890 0.982344 0.000340 
2457257.393717 0.982511 0.000339 
2457257.394544 0.980465 0.000354 
2457257.395370 0.981618 0.000335 
2457257.396197 0.982070 0.000330 
2457257.397024 0.981335 0.000326 
2457257.397850 0.980989 0.000322 
2457257.398677 0.982391 0.000321 
2457257.399504 0.982166 0.000322 
2457257.400330 0.980695 0.000321 
2457257.401157 0.982142 0.000320 
2457257.401984 0.982438 0.000320 
2457257.402719 0.979624 0.000351 
2457257.403430 0.980075 0.000352 
2457257.404141 0.981595 0.000352 
2457257.404852 0.981238 0.000352 
2457257.405563 0.980919 0.000355 
2457257.406274 0.981636 0.000351 
2457257.406985 0.981006 0.000351 
2457257.407696 0.983721 0.000352 
2457257.408407 0.979866 0.000353 
2457257.409118 0.979149 0.000352 
2457257.409829 0.981064 0.000350 
2457257.410540 0.982745 0.000351 
2457257.411251 0.980947 0.000347 
2457257.411962 0.981008 0.000346 
2457257.412673 0.981727 0.000346 
2457257.413383 0.981583 0.000347 
2457257.414094 0.980038 0.000346 
2457257.414805 0.981897 0.000347 
2457257.415516 0.981777 0.000348 
2457257.416227 0.980738 0.000347 
2457257.416938 0.982187 0.000348 
2457257.417649 0.982169 0.000347 
2457257.418360 0.979813 0.000345 
2457257.419071 0.981873 0.000344 
2457257.419782 0.982441 0.000344 
2457257.420493 0.982184 0.000345 
2457257.421204 0.981278 0.000343 
2457257.421915 0.983815 0.000344 
2457257.422626 0.980257 0.000345 
2457257.423337 0.982272 0.000345 
2457257.424048 0.982024 0.000346 
2457257.424759 0.983502 0.000346 
2457257.425405 0.982241 0.000362 
2457257.426058 0.981443 0.000361 
2457257.426711 0.983301 0.000362 
2457257.427365 0.983345 0.000362 
2457257.428018 0.981331 0.000362 
2457257.428671 0.982438 0.000362 
2457257.429324 0.984142 0.000363 
2457257.429977 0.982790 0.000361 
2457257.430630 0.983923 0.000363 
2457257.431283 0.982305 0.000361 
2457257.431937 0.984698 0.000363 
2457257.432590 0.984134 0.000362 
2457257.433243 0.985460 0.000362 
2457257.433896 0.983831 0.000361 
2457257.434549 0.984889 0.000362 
2457257.435202 0.984666 0.000361 
2457257.435855 0.985180 0.000361 
2457257.436509 0.986360 0.000361 
2457257.437162 0.986990 0.000361 
2457257.437815 0.987756 0.000361 
2457257.438468 0.987184 0.000365 
2457257.439056 0.986600 0.000382 
2457257.439651 0.989708 0.000384 
2457257.440246 0.989753 0.000384 
2457257.440841 0.988541 0.000384 
2457257.441437 0.989880 0.000385 
2457257.442032 0.990745 0.000386 
2457257.442627 0.993981 0.000387 
2457257.443222 0.992527 0.000386 
2457257.443817 0.990773 0.000385 
2457257.444412 0.995074 0.000388 
2457257.445008 0.992982 0.000386 
2457257.445603 0.995497 0.000386 
2457257.446198 0.994173 0.000386 
2457257.446793 0.995693 0.000386 
2457257.447388 0.996908 0.000388 
2457257.447983 0.995332 0.000385 
2457257.448578 0.997552 0.000385 
2457257.449174 0.998244 0.000387 
2457257.449769 1.000184 0.000388 
2457257.450364 0.997883 0.000388 
2457257.450959 0.997476 0.000387 
2457257.451554 0.997377 0.000388 
2457257.452149 1.001248 0.000388 
2457257.452745 0.999631 0.000386 
2457257.453340 1.001690 0.000387 
2457257.453935 1.000392 0.000386 
2457257.454530 0.996825 0.000385 
2457257.455125 1.000811 0.000388 
2457257.455721 1.000248 0.000387 
2457257.456316 1.000964 0.000388 
2457257.456911 0.999919 0.000388 
2457257.457506 0.998684 0.000387 
2457257.458101 1.000210 0.000386 
2457257.458696 1.000737 0.000388 
2457257.459292 1.000967 0.000387 
2457257.459887 0.999522 0.000386 
2457257.460482 1.000108 0.000387 
2457257.461077 1.000131 0.000389 
2457257.461672 0.999834 0.000387 
2457257.462267 0.998607 0.000386 
2457257.462862 1.000631 0.000387 
2457257.463457 1.000693 0.000387 
2457257.464052 1.000917 0.000386 
2457257.464648 1.000441 0.000386 
2457257.465243 0.999496 0.000387 
2457257.465838 1.000008 0.000387 
2457257.466433 0.998896 0.000388 
2457257.467028 1.000440 0.000387 
2457257.467623 0.999715 0.000388 
2457257.468219 0.999852 0.000389 
2457257.468814 1.001470 0.000390 
2457257.469409 0.999343 0.000388 
2457257.470004 1.001202 0.000390 
2457257.470599 1.000171 0.000392 
2457257.471194 0.999947 0.000392 
2457257.471789 0.998724 0.000392 
2457257.473575 1.000345 0.000390 
2457257.474766 0.999172 0.000388 
2457257.475361 1.002103 0.000392 
2457257.475956 0.998939 0.000392 
2457257.476551 0.999543 0.000389 
2457257.477146 1.000324 0.000391 
2457257.477742 1.000314 0.000388 
2457257.478337 0.999362 0.000388 
2457257.478932 1.000079 0.000388 
2457257.479527 1.000258 0.000391 
2457257.480122 1.000877 0.000391 
2457257.480718 0.999593 0.000391 
2457257.481313 1.000733 0.000392 
2457257.481909 0.999377 0.000395 
2457257.482504 1.000399 0.000393 
2457257.483099 0.999500 0.000394 
2457257.483694 0.999969 0.000394 
2457257.484289 1.001282 0.000393 
2457257.484884 0.999473 0.000396 
2457257.485479 1.000078 0.000404 
2457257.486075 1.000216 0.000406 
2457257.486670 0.999646 0.000391 
2457257.487861 1.001003 0.000397 
2457257.488456 0.999420 0.000395 
2457257.489051 0.998857 0.000393 
2457257.489646 1.000571 0.000393 
2457257.490242 1.000358 0.000396 
2457257.490837 0.999859 0.000393 
2457257.491432 1.000755 0.000394 
2457257.492027 0.999046 0.000393 
2457257.492622 0.999823 0.000395 
2457257.493217 1.000841 0.000395 
2457257.493812 0.999551 0.000393 
2457257.494408 1.000502 0.000393 
2457257.495003 1.001344 0.000392 
2457257.495599 0.998197 0.000390 
2457257.496194 1.000960 0.000392 
2457257.496789 1.000628 0.000405 
2457257.497384 0.998163 0.000395 
2457257.497979 1.000311 0.000393 
2457257.498575 1.000724 0.000389 
2457257.499170 0.999085 0.000388 
2457257.499765 1.000179 0.000386 
2457257.500360 1.000629 0.000387 
2457257.500955 1.001055 0.000389 
2457257.501550 0.999334 0.000387 
2457257.502146 1.001280 0.000385 
2457257.502741 0.998834 0.000383 
2457257.503336 1.000496 0.000385 
2457257.503932 0.999005 0.000385 
2457257.504527 1.001956 0.000386 
2457257.505122 0.999066 0.000386 
2457257.505717 0.999568 0.000385 
2457257.506908 1.000922 0.000386 
2457257.507503 0.999606 0.000404 
2457257.508098 1.000579 0.000385 
2457257.508693 0.999724 0.000386 
2457257.509289 0.999313 0.000384 
2457257.509884 0.999246 0.000384 
2457257.510479 1.001046 0.000384 
2457257.511670 1.001358 0.000385 
2457257.512265 0.999849 0.000385 
2457257.512860 1.000014 0.000384 
2457257.513455 1.000214 0.000385 
2457257.514050 0.998988 0.000385 
2457257.514645 1.000143 0.000386 
2457257.515241 1.001212 0.000387 
2457257.515836 0.998595 0.000387 
2457257.516431 1.000828 0.000388 
2457257.517027 0.999719 0.000384 
2457257.518217 0.998776 0.000386 
2457257.518812 1.001016 0.000388 
2457257.519408 1.001838 0.000388 
2457257.520003 0.999371 0.000386 
2457257.520598 0.998752 0.000386 
2457257.521193 0.999695 0.000386 
2457257.522978 1.002512 0.000389 
2457257.523574 0.999534 0.000389 
2457257.524169 0.999240 0.000388 
2457257.524765 0.999702 0.000389 
2457257.525360 0.998885 0.000387 
2457257.525955 1.002335 0.000389 
2457257.526550 0.999824 0.000388 
2457257.527145 0.998292 0.000387 
2457257.527741 1.000185 0.000389 
2457257.528336 1.001829 0.000389 
2457257.528931 0.999707 0.000390 
2457257.529526 1.000968 0.000388 
2457257.530121 0.998541 0.000389 
2457257.530717 1.001397 0.000391 
2457257.531312 0.999046 0.000391 
2457257.531907 0.999432 0.000392 
2457257.532503 1.001145 0.000390 
2457257.533098 0.999835 0.000388 
2457257.533693 1.000504 0.000389 
2457257.534288 0.998580 0.000390 
2457257.534883 0.999460 0.000393 
2457257.535478 1.000036 0.000389 
2457257.536074 1.001759 0.000393 
2457257.536669 1.000005 0.000391 
2457257.537264 0.997900 0.000393 
2457257.537859 1.002313 0.000391 
2457257.539050 0.999766 0.000390 
2457257.539645 1.000511 0.000390 
2457257.540241 0.999012 0.000389 
2457257.540835 0.999873 0.000397 
2457257.541431 0.999981 0.000387 
2457257.542026 0.999734 0.000388 
2457257.542621 1.002016 0.000389 
2457257.543216 0.999062 0.000388 
2457257.543811 1.000836 0.000388 
2457257.544407 0.999948 0.000388 
2457257.545002 0.998368 0.000393 
2457257.545597 1.001689 0.000388 
2457257.546192 1.000270 0.000387 
2457257.546788 0.998224 0.000388 
2457257.547383 1.002166 0.000386 
2457257.547978 0.999323 0.000386 
2457257.548574 0.998910 0.000388 
2457257.549169 1.000388 0.000387 
2457257.549764 1.002012 0.000388 
2457257.550359 0.998233 0.000386 
2457257.550954 1.000530 0.000385 
2457257.551549 0.999904 0.000385 
