Title: WASP-74 T100 Light Curve on 2020-08-12
Authors: Basturk et al. (2021)
Table:
================================================================================
Byte-by-byte Description of file: wasp74_20200812_T100.txt
--------------------------------------------------------------------------------
   Bytes Format Units Label    Explanations
--------------------------------------------------------------------------------
   1- 14 F14.6  d       BJD-TDB  Barycentric Dynamical Time in Julian Days
  16- 23 F8.6   ---     Flux     Normalized Flux
  25- 32 F8.6   ---     FluxErr  Error in Normalized Flux Units
--------------------------------------------------------------------------------
Note (1):   Passband: Bessel-R
Note (2):   ***OR REMOVE THIS SECTION***
--------------------------------------------------------------------------------
2459074.283463 0.999850 0.000568 
2459074.286628 0.998804 0.000533 
2459074.288576 0.998965 0.000515 
2459074.290525 0.998168 0.000501 
2459074.292471 0.995977 0.000487 
2459074.294476 0.995481 0.000474 
2459074.296487 0.995913 0.000464 
2459074.298494 0.995917 0.000450 
2459074.300507 0.994009 0.000439 
2459074.302517 0.994131 0.000429 
2459074.304527 0.993943 0.000419 
2459074.306538 0.994021 0.000412 
2459074.308544 0.992716 0.000404 
2459074.310552 0.993021 0.000398 
2459074.312562 0.992431 0.000393 
2459074.314574 0.993653 0.000388 
2459074.316584 0.993396 0.000385 
2459074.318593 0.992496 0.000381 
2459074.320604 0.993687 0.000380 
2459074.322618 0.992674 0.000376 
2459074.324632 0.992827 0.000374 
2459074.326640 0.992385 0.000373 
2459074.328648 0.991721 0.000371 
2459074.330660 0.993576 0.000371 
2459074.332673 0.992313 0.000369 
2459074.334683 0.991840 0.000368 
2459074.336696 0.992575 0.000368 
2459074.338706 0.993314 0.000366 
2459074.340715 0.992297 0.000363 
2459074.342724 0.993379 0.000361 
2459074.344732 0.992642 0.000361 
2459074.346741 0.993652 0.000361 
2459074.348751 0.992799 0.000361 
2459074.350758 0.993306 0.000361 
2459074.352765 0.993555 0.000360 
2459074.354771 0.993187 0.000358 
2459074.356776 0.993922 0.000357 
2459074.358785 0.994367 0.000358 
2459074.360791 0.994083 0.000359 
2459074.362795 0.995164 0.000358 
2459074.364804 0.996020 0.000357 
2459074.366813 0.997187 0.000357 
2459074.368819 0.996712 0.000358 
2459074.370826 0.996966 0.000358 
2459074.372834 0.997716 0.000357 
2459074.374841 0.998894 0.000356 
2459074.376847 1.000150 0.000357 
2459074.378854 1.000412 0.000358 
2459074.380859 0.998943 0.000356 
2459074.382864 1.000262 0.000357 
2459074.384873 1.000239 0.000357 
2459074.386877 1.001269 0.000357 
2459074.388883 0.999774 0.000357 
2459074.390887 1.000609 0.000357 
2459074.392892 0.999500 0.000357 
2459074.394899 1.000420 0.000358 
2459074.396909 0.999632 0.000358 
2459074.398913 1.001077 0.000358 
2459074.400922 0.999230 0.000358 
2459074.402926 1.000597 0.000358 
2459074.404930 1.000034 0.000359 
2459074.406936 1.001072 0.000359 
2459074.408944 1.001358 0.000360 
2459074.410949 0.999182 0.000362 
2459074.412954 1.000125 0.000363 
2459074.414959 0.998562 0.000363 
2459074.416964 0.999350 0.000363 
2459074.418973 1.000889 0.000365 
2459074.420980 0.998500 0.000365 
2459074.422987 1.000526 0.000366 
2459074.424996 1.001149 0.000366 
2459074.427003 1.000445 0.000366 
2459074.429012 1.000999 0.000366 
2459074.431019 0.998809 0.000366 
2459074.433024 1.000394 0.000365 
