Title: WASP-103 CAHA Light Curve on 2015-04-30
Authors: Basturk et al. (2021)
Table:
================================================================================
Byte-by-byte Description of file: wasp103_20150430_CAHA.txt
--------------------------------------------------------------------------------
   Bytes Format Units Label    Explanations
--------------------------------------------------------------------------------
   1- 14 F14.6  d       BJD-TDB  Barycentric Dynamical Time in Julian Days
  16- 23 F8.6   ---     Flux     Normalized Flux
  25- 32 F8.6   ---     FluxErr  Error in Normalized Flux Units
--------------------------------------------------------------------------------
Note (1):   Passband: Cousins-R
Note (2):   ***OR REMOVE THIS SECTION***
--------------------------------------------------------------------------------
2457143.502747 0.999141 0.000133 
2457143.504339 1.001101 0.000132 
2457143.505932 1.000904 0.000134 
2457143.507592 0.999508 0.000132 
2457143.509242 0.999970 0.000131 
2457143.510892 0.999290 0.000131 
2457143.512597 0.999328 0.000128 
2457143.514303 1.000745 0.000126 
2457143.516008 1.000177 0.000125 
2457143.517715 0.999178 0.000123 
2457143.519421 0.999602 0.000123 
2457143.521131 1.000162 0.000122 
2457143.522835 0.999834 0.000122 
2457143.524541 0.998754 0.000121 
2457143.526244 0.996733 0.000122 
2457143.527952 0.994107 0.000122 
2457143.529669 0.993721 0.000122 
2457143.531375 0.990891 0.000121 
2457143.533077 0.989529 0.000122 
2457143.534785 0.989194 0.000120 
2457143.536494 0.987915 0.000120 
2457143.538197 0.988248 0.000121 
2457143.539909 0.987534 0.000120 
2457143.541612 0.987436 0.000121 
2457143.543318 0.985840 0.000119 
2457143.545027 0.986396 0.000118 
2457143.546732 0.987124 0.000118 
2457143.548434 0.986700 0.000117 
2457143.550141 0.988067 0.000119 
2457143.551846 0.986614 0.000117 
2457143.553552 0.987101 0.000117 
2457143.555262 0.987331 0.000117 
2457143.556966 0.986756 0.000118 
2457143.558670 0.988002 0.000118 
2457143.560375 0.985347 0.000117 
2457143.562079 0.987233 0.000116 
2457143.563785 0.986048 0.000115 
2457143.565492 0.985304 0.000115 
2457143.567196 0.985593 0.000115 
2457143.568900 0.985029 0.000115 
2457143.570608 0.985428 0.000115 
2457143.572312 0.986609 0.000117 
2457143.574016 0.986267 0.000115 
2457143.575722 0.987178 0.000115 
2457143.577425 0.985868 0.000115 
2457143.579129 0.986659 0.000115 
2457143.580836 0.986384 0.000116 
2457143.582539 0.985534 0.000115 
2457143.584249 0.986491 0.000115 
2457143.585957 0.985376 0.000115 
2457143.587664 0.985915 0.000117 
2457143.589367 0.986664 0.000119 
2457143.591074 0.986701 0.000121 
2457143.594484 0.986716 0.000127 
2457143.596194 0.985751 0.000125 
2457143.597905 0.986094 0.000116 
2457143.599612 0.986637 0.000115 
2457143.601321 0.987354 0.000114 
2457143.603031 0.985897 0.000114 
2457143.604736 0.987058 0.000114 
2457143.606442 0.986681 0.000114 
2457143.608148 0.987754 0.000114 
2457143.609856 0.987318 0.000114 
2457143.611560 0.987260 0.000114 
2457143.613266 0.987591 0.000113 
2457143.614971 0.987117 0.000113 
2457143.616677 0.987476 0.000114 
2457143.618384 0.987595 0.000113 
2457143.620087 0.988822 0.000114 
2457143.621800 0.989322 0.000114 
2457143.623507 0.991595 0.000115 
2457143.625212 0.992371 0.000115 
2457143.626916 0.995390 0.000115 
2457143.628618 0.997133 0.000114 
2457143.630321 0.998624 0.000114 
2457143.632027 1.000578 0.000114 
2457143.633733 0.998784 0.000114 
2457143.635442 1.000479 0.000114 
2457143.637151 0.999396 0.000114 
2457143.638859 1.000799 0.000114 
2457143.640566 1.000475 0.000113 
2457143.642276 1.000372 0.000113 
2457143.643982 0.999230 0.000113 
2457143.645692 0.999514 0.000116 
2457143.647396 1.000550 0.000113 
2457143.649108 0.999085 0.000113 
2457143.650816 0.999976 0.000113 
2457143.652521 0.999675 0.000113 
2457143.654229 0.999671 0.000113 
2457143.655935 1.001511 0.000113 
2457143.657640 0.998976 0.000113 
2457143.659343 1.000043 0.000112 
2457143.661058 0.999643 0.000111 
2457143.662764 1.000005 0.000112 
2457143.664466 1.000762 0.000112 
2457143.666169 0.999606 0.000112 
2457143.667870 0.999612 0.000111 
2457143.669581 1.002291 0.000112 
2457143.671286 1.000002 0.000112 
2457143.673003 1.000183 0.000112 
2457143.674707 0.998981 0.000113 
2457143.676409 0.999848 0.000113 
2457143.678112 0.999480 0.000113 
2457143.679814 0.999449 0.000113 
2457143.681522 0.999845 0.000114 
2457143.683230 0.999683 0.000115 
