Title: WASP-37 T100 Light Curve on 2017-04-27
Authors: Basturk et al. (2021)
Table:
================================================================================
Byte-by-byte Description of file: wasp37_20170427_T100.txt
--------------------------------------------------------------------------------
   Bytes Format Units Label    Explanations
--------------------------------------------------------------------------------
   1- 14 F14.6  d       BJD-TDB  Barycentric Dynamical Time in Julian Days
  16- 23 F8.6   ---     Flux     Normalized Flux
  25- 32 F8.6   ---     FluxErr  Error in Normalized Flux Units
--------------------------------------------------------------------------------
Note (1):   Passband: Bessel-R
Note (2):   ***OR REMOVE THIS SECTION***
--------------------------------------------------------------------------------
2457871.371513 1.001725 0.001284 
2457871.373657 1.000990 0.001285 
2457871.375437 0.997002 0.001268 
2457871.377166 1.000359 0.001283 
2457871.378948 1.000688 0.001277 
2457871.380734 0.998522 0.001282 
2457871.382517 1.000247 0.001276 
2457871.384300 1.000776 0.001267 
2457871.387873 1.000743 0.001266 
2457871.389660 0.999408 0.001264 
2457871.393236 0.999336 0.001251 
2457871.395024 1.002080 0.001252 
2457871.396812 1.001910 0.001256 
2457871.398600 1.000514 0.001252 
2457871.400388 0.998444 0.001240 
2457871.402176 0.999212 0.001238 
2457871.403963 0.997762 0.001234 
2457871.405751 1.001328 0.001232 
2457871.407539 1.000094 0.001214 
2457871.409326 1.000585 0.001223 
2457871.411113 1.000035 0.001215 
2457871.412901 0.997387 0.001206 
2457871.414688 0.996776 0.001210 
2457871.416474 0.995293 0.001202 
2457871.418260 0.994402 0.001206 
2457871.420042 0.991087 0.001198 
2457871.421822 0.991693 0.001196 
2457871.423605 0.986604 0.001194 
2457871.425392 0.987013 0.001192 
2457871.429239 0.987034 0.001202 
2457871.431020 0.986385 0.001194 
2457871.432802 0.982984 0.001192 
2457871.434588 0.986041 0.001208 
2457871.436374 0.986164 0.001190 
2457871.438160 0.982940 0.001196 
2457871.439946 0.984834 0.001189 
2457871.441729 0.985593 0.001192 
2457871.443510 0.984280 0.001190 
2457871.445297 0.982715 0.001187 
2457871.447083 0.983171 0.001185 
2457871.448869 0.985345 0.001185 
2457871.450655 0.982329 0.001189 
2457871.452435 0.984569 0.001189 
2457871.454224 0.985095 0.001183 
2457871.456005 0.981042 0.001185 
2457871.457791 0.983532 0.001185 
2457871.459572 0.984342 0.001182 
2457871.461354 0.983110 0.001186 
2457871.463140 0.983410 0.001189 
2457871.464920 0.984802 0.001189 
2457871.466702 0.981728 0.001219 
2457871.468484 0.981360 0.001219 
2457871.470265 0.982151 0.001219 
2457871.472046 0.983611 0.001229 
2457871.473828 0.980614 0.001236 
2457871.475610 0.981114 0.001220 
2457871.477391 0.985579 0.001237 
2457871.479172 0.983727 0.001237 
2457871.480952 0.982004 0.001233 
2457871.483467 0.983204 0.001221 
2457871.485251 0.982747 0.001221 
2457871.487031 0.985257 0.001234 
2457871.488814 0.981080 0.001216 
2457871.490596 0.984595 0.001240 
2457871.492379 0.981778 0.001231 
2457871.494160 0.983899 0.001235 
2457871.495941 0.983485 0.001230 
2457871.497721 0.980223 0.001223 
2457871.499503 0.983277 0.001229 
2457871.501284 0.982379 0.001235 
2457871.503064 0.986906 0.001244 
2457871.504847 0.984091 0.001243 
2457871.506629 0.983521 0.001240 
2457871.508412 0.984822 0.001240 
2457871.510196 0.983636 0.001243 
2457871.511983 0.983909 0.001235 
2457871.513769 0.983871 0.001229 
2457871.515557 0.986953 0.001243 
2457871.517343 0.983972 0.001236 
2457871.519127 0.985549 0.001251 
2457871.520913 0.985799 0.001255 
2457871.522701 0.987969 0.001254 
2457871.524488 0.987351 0.001253 
2457871.526274 0.986670 0.001246 
2457871.528060 0.985667 0.001261 
2457871.529846 0.987672 0.001270 
2457871.531635 0.993343 0.001261 
2457871.533422 0.993414 0.001274 
2457871.535206 0.991959 0.001267 
2457871.537764 0.996402 0.001277 
2457871.539547 0.999399 0.001287 
2457871.541329 0.997109 0.001281 
2457871.543116 1.002893 0.001291 
2457871.544902 0.997852 0.001277 
2457871.546688 0.999532 0.001279 
2457871.548475 1.002991 0.001288 
2457871.550264 0.996920 0.001297 
2457871.552052 1.003547 0.001304 
2457871.553834 0.999714 0.001323 
2457871.555621 0.997156 0.001304 
2457871.557408 1.000601 0.001316 
2457871.559199 1.001205 0.001323 
2457871.564547 1.000088 0.001354 
2457871.566328 0.998009 0.001355 
2457871.568112 1.001436 0.001368 
