Title: WASP-103 T100 Light Curve on 2020-07-29
Authors: Basturk et al. (2021)
Table:
================================================================================
Byte-by-byte Description of file: wasp103_20200729_T100.txt
--------------------------------------------------------------------------------
   Bytes Format Units Label    Explanations
--------------------------------------------------------------------------------
   1- 14 F14.6  d       BJD-TDB  Barycentric Dynamical Time in Julian Days
  16- 23 F8.6   ---     Flux     Normalized Flux
  25- 32 F8.6   ---     FluxErr  Error in Normalized Flux Units
--------------------------------------------------------------------------------
Note (1):   Passband: Bessel-R
Note (2):   ***OR REMOVE THIS SECTION***
--------------------------------------------------------------------------------
2459060.296792 1.000381 0.001344 
2459060.298820 1.000701 0.001333 
2459060.300848 0.999229 0.001361 
2459060.302886 0.999997 0.001328 
2459060.304904 1.000657 0.001331 
2459060.306933 0.997285 0.001325 
2459060.308960 1.001520 0.001328 
2459060.310988 1.000253 0.001325 
2459060.313014 0.998381 0.001322 
2459060.315040 1.001422 0.001345 
2459060.317070 1.000932 0.001342 
2459060.319099 1.001029 0.001356 
2459060.321129 0.997460 0.001328 
2459060.323157 0.998964 0.001334 
2459060.325188 1.002849 0.001334 
2459060.327216 0.996708 0.001342 
2459060.329241 1.001386 0.001353 
2459060.331268 0.996374 0.001356 
2459060.333294 0.995630 0.001339 
2459060.335322 0.990319 0.001328 
2459060.337352 0.990382 0.001328 
2459060.339382 0.992147 0.001345 
2459060.341409 0.987711 0.001328 
2459060.343438 0.990643 0.001334 
2459060.345465 0.986735 0.001320 
2459060.347494 0.986967 0.001323 
2459060.349521 0.987374 0.001354 
2459060.351547 0.985670 0.001329 
2459060.353578 0.986704 0.001315 
2459060.355605 0.986424 0.001312 
2459060.357637 0.989545 0.001315 
2459060.359664 0.984316 0.001312 
2459060.361692 0.986370 0.001315 
2459060.363719 0.984484 0.001309 
2459060.365748 0.988212 0.001326 
2459060.367776 0.984365 0.001315 
2459060.369806 0.985424 0.001321 
2459060.371831 0.986633 0.001326 
2459060.373861 0.986740 0.001326 
2459060.375888 0.984926 0.001313 
2459060.377914 0.982918 0.001313 
2459060.379941 0.985625 0.001352 
2459060.381972 0.986343 0.001335 
2459060.383999 0.988658 0.001330 
2459060.386028 0.983356 0.001333 
2459060.388071 0.983724 0.001310 
2459060.390099 0.987074 0.001322 
2459060.392126 0.984173 0.001310 
2459060.394156 0.987065 0.001322 
2459060.396184 0.986238 0.001305 
2459060.398215 0.984948 0.001328 
2459060.400241 0.986344 0.001328 
2459060.402268 0.983560 0.001308 
2459060.404295 0.984685 0.001322 
2459060.406323 0.991745 0.001342 
2459060.408350 0.984678 0.001311 
2459060.410376 0.986770 0.001314 
2459060.412392 0.989416 0.001289 
2459060.414424 0.984198 0.001289 
2459060.416455 0.988063 0.001273 
2459060.418486 0.985579 0.001279 
2459060.420512 0.991429 0.001276 
2459060.422543 0.987227 0.001268 
2459060.424571 0.988524 0.001243 
2459060.426599 0.989278 0.001240 
2459060.428629 0.993826 0.001237 
2459060.430656 0.992542 0.001173 
2459060.432687 0.997614 0.001171 
2459060.434718 0.997247 0.001154 
2459060.436747 0.997461 0.001151 
2459060.438767 1.000178 0.001132 
2459060.440797 1.002321 0.001099 
2459060.444856 0.998919 0.001035 
2459060.446888 1.000058 0.000976 
