Title: WASP-69 T35 Light Curve on 2019-07-27
Authors: Basturk et al. (2021)
Table:
================================================================================
Byte-by-byte Description of file: wasp69_20190727_T35.txt
--------------------------------------------------------------------------------
   Bytes Format Units Label    Explanations
--------------------------------------------------------------------------------
   1- 14 F14.6  d       BJD-TDB  Barycentric Dynamical Time in Julian Days
  16- 23 F8.6   ---     Flux     Normalized Flux
  25- 32 F8.6   ---     FluxErr  Error in Normalized Flux Units
--------------------------------------------------------------------------------
Note (1):   Passband: Bessel-R
Note (2):   ***OR REMOVE THIS SECTION***
--------------------------------------------------------------------------------
2458692.358566 1.003873 0.004250 
2458692.358948 1.003842 0.004244 
2458692.359318 1.002151 0.004276 
2458692.359700 0.994768 0.004178 
2458692.360082 1.002059 0.004252 
2458692.360464 0.998222 0.004236 
2458692.360834 1.003607 0.004421 
2458692.361216 0.999609 0.004230 
2458692.361598 0.992143 0.004263 
2458692.361969 1.004045 0.004218 
2458692.362351 0.990494 0.004233 
2458692.362721 1.003079 0.004350 
2458692.363103 1.009404 0.004335 
2458692.363485 1.009588 0.004276 
2458692.363855 1.006644 0.004128 
2458692.364237 0.992082 0.004075 
2458692.364608 0.998083 0.004110 
2458692.364989 0.988830 0.004089 
2458692.365360 0.997606 0.004035 
2458692.365742 0.998668 0.004007 
2458692.366124 0.991091 0.004052 
2458692.366494 0.999961 0.003979 
2458692.366876 1.002959 0.004038 
2458692.367246 0.998194 0.003939 
2458692.367628 0.991409 0.003984 
2458692.368010 1.003147 0.003986 
2458692.368392 0.998980 0.004074 
2458692.368763 1.008308 0.004090 
2458692.369145 1.000278 0.004064 
2458692.369515 1.002576 0.003967 
2458692.369897 1.006307 0.004008 
2458692.370279 1.005429 0.004003 
2458692.370649 1.004683 0.004121 
2458692.371031 0.999821 0.003952 
2458692.371413 1.002339 0.004052 
2458692.371795 0.993450 0.003873 
2458692.372177 0.992894 0.003995 
2458692.372547 0.990779 0.004146 
2458692.372929 1.008037 0.003843 
2458692.373311 1.003114 0.004144 
2458692.373682 1.010054 0.004002 
2458692.374064 1.001677 0.003890 
2458692.374434 1.001176 0.003895 
2458692.374816 0.991681 0.003901 
2458692.375198 1.004615 0.003904 
2458692.375580 0.995498 0.003873 
2458692.375962 0.998995 0.003812 
2458692.376332 0.998887 0.003839 
2458692.376714 0.997426 0.003969 
2458692.377096 1.006083 0.003895 
2458692.377478 0.996525 0.003873 
2458692.377860 0.996522 0.003776 
2458692.378242 1.011082 0.003889 
2458692.378612 0.996161 0.003844 
2458692.378994 1.002931 0.003888 
2458692.379376 0.998983 0.003760 
2458692.379758 1.000810 0.003911 
2458692.380140 1.003231 0.003914 
2458692.380511 1.000896 0.003989 
2458692.380893 0.999659 0.003788 
2458692.381275 0.998243 0.003794 
2458692.381645 0.998728 0.003799 
2458692.382027 0.998341 0.003814 
2458692.382409 0.998689 0.003835 
2458692.382779 0.998397 0.003779 
2458692.383161 1.003336 0.003801 
2458692.383531 0.999698 0.003751 
2458692.383913 1.007003 0.003774 
2458692.384284 1.002808 0.003755 
2458692.384666 1.001874 0.003862 
2458692.385048 0.998828 0.003827 
2458692.385418 0.993164 0.003740 
2458692.385800 0.997547 0.003710 
2458692.386182 0.998241 0.003776 
2458692.386564 0.995750 0.003727 
2458692.386946 1.000445 0.003717 
2458692.387328 1.003131 0.003712 
2458692.387710 0.996378 0.003686 
2458692.388080 1.000995 0.003739 
2458692.388462 1.000555 0.003703 
2458692.388833 0.996893 0.003761 
2458692.389214 1.001818 0.003898 
2458692.389585 0.996003 0.003788 
2458692.389967 0.994711 0.003700 
2458692.390337 1.000653 0.003663 
2458692.390719 0.997117 0.003764 
2458692.391101 1.004232 0.003716 
2458692.391483 1.004919 0.003740 
2458692.391853 1.002003 0.003779 
2458692.392235 1.003069 0.003839 
2458692.392606 0.994869 0.003675 
2458692.392988 0.999559 0.003754 
2458692.393358 0.996710 0.003698 
2458692.393728 1.008999 0.003774 
2458692.394110 1.005921 0.003760 
2458692.394492 1.004064 0.003785 
2458692.394863 0.999883 0.003710 
2458692.395245 1.002964 0.003706 
2458692.395615 0.999270 0.003656 
2458692.395997 0.995835 0.003650 
2458692.396379 0.996972 0.003693 
2458692.396749 0.998220 0.003644 
2458692.397131 1.001269 0.003589 
2458692.397502 1.004292 0.003714 
2458692.397884 0.999063 0.003683 
2458692.398254 1.003765 0.003704 
2458692.398636 1.001731 0.003659 
2458692.399018 0.998973 0.003614 
2458692.399388 0.997270 0.003620 
2458692.399770 0.993906 0.003631 
2458692.400141 1.001604 0.003862 
2458692.400523 0.994107 0.003714 
2458692.400905 0.999571 0.003586 
2458692.401286 1.004027 0.003569 
2458692.401668 1.004174 0.003607 
2458692.402039 0.993392 0.003509 
2458692.402421 1.004463 0.003570 
2458692.402803 1.006596 0.003555 
2458692.403173 0.997197 0.003552 
2458692.403543 0.998903 0.003511 
2458692.403925 1.001034 0.003563 
2458692.404296 0.997396 0.003456 
2458692.404678 0.994077 0.003478 
2458692.405060 1.007962 0.003504 
2458692.405442 1.002692 0.003530 
2458692.405812 1.006976 0.003563 
2458692.406194 0.996534 0.003418 
2458692.406564 1.000046 0.003489 
2458692.406946 1.001884 0.003542 
2458692.407328 0.991378 0.003411 
2458692.407699 0.994269 0.003492 
2458692.408081 0.997000 0.003484 
2458692.408451 0.999463 0.003518 
2458692.408833 0.998647 0.003563 
2458692.409203 0.998073 0.003512 
2458692.409585 1.004150 0.003555 
2458692.409956 1.004861 0.003889 
2458692.410338 1.001936 0.003604 
2458692.410708 0.994032 0.003431 
2458692.411090 0.998244 0.003424 
2458692.411472 0.994518 0.003351 
2458692.411842 1.001642 0.003449 
2458692.412224 1.005526 0.003437 
2458692.412595 1.000735 0.003501 
2458692.412976 1.001230 0.003491 
2458692.413347 1.004816 0.003457 
2458692.413729 0.993154 0.003385 
2458692.414099 1.002212 0.003499 
2458692.414481 0.996883 0.003463 
2458692.414852 1.004200 0.003460 
2458692.415233 1.005307 0.003483 
2458692.415604 0.999834 0.003443 
2458692.415986 0.998207 0.003462 
2458692.416356 1.000089 0.003402 
2458692.416727 1.001360 0.003436 
2458692.417109 0.997482 0.003371 
2458692.417490 0.998011 0.003383 
2458692.417872 1.003792 0.003497 
2458692.418243 0.993676 0.003377 
2458692.418625 0.995881 0.003432 
2458692.419007 1.007201 0.003446 
2458692.419389 1.000314 0.003756 
2458692.419759 0.998359 0.003399 
2458692.420141 0.995527 0.003393 
2458692.420511 1.005010 0.003396 
2458692.420893 0.997546 0.003483 
2458692.421275 1.005153 0.003360 
2458692.421646 1.001980 0.003322 
2458692.422028 1.000637 0.003395 
2458692.422398 1.000308 0.003456 
2458692.422780 0.997862 0.003356 
2458692.423150 0.998249 0.003446 
2458692.423521 0.998571 0.003382 
2458692.423903 1.001259 0.003377 
2458692.424285 1.003544 0.003560 
2458692.424655 1.001246 0.003408 
2458692.425037 0.997295 0.003415 
2458692.425419 0.999880 0.003434 
2458692.425801 1.002084 0.003466 
2458692.426171 1.003920 0.003403 
2458692.426542 1.006304 0.003507 
2458692.426924 1.001095 0.003435 
2458692.427294 0.994668 0.003365 
2458692.427676 0.996449 0.003481 
2458692.428046 1.004166 0.003421 
2458692.428428 0.999378 0.003412 
2458692.428799 0.996470 0.003364 
2458692.429181 1.000049 0.003490 
2458692.429944 0.995413 0.003365 
2458692.430315 0.999668 0.003471 
2458692.430697 0.990500 0.003390 
2458692.431079 1.007864 0.003578 
2458692.431449 1.001175 0.003421 
2458692.431831 0.997124 0.003415 
2458692.432213 1.006557 0.003535 
2458692.432583 0.998570 0.003431 
2458692.432954 1.000305 0.003450 
2458692.433336 0.990461 0.003393 
2458692.433718 1.001627 0.003457 
2458692.434100 1.003754 0.003472 
2458692.434482 1.002096 0.003546 
2458692.434863 1.002636 0.003579 
2458692.435234 0.999037 0.003392 
2458692.435616 1.001603 0.003513 
2458692.435986 0.995565 0.003467 
2458692.436368 1.003009 0.003485 
2458692.436739 1.001591 0.003507 
2458692.437120 0.995453 0.003422 
2458692.437491 1.001581 0.003531 
2458692.437873 1.004391 0.003487 
2458692.438255 1.000778 0.003405 
2458692.438625 1.002549 0.003433 
2458692.439007 1.003191 0.003412 
2458692.439389 1.002205 0.003448 
2458692.439759 0.995924 0.003423 
2458692.440141 0.999107 0.003435 
2458692.440512 0.999903 0.003524 
2458692.440894 1.002847 0.003461 
2458692.441264 0.995560 0.003404 
2458692.441646 0.998909 0.003445 
2458692.442016 0.998137 0.003461 
2458692.442398 1.001055 0.003619 
2458692.442769 1.000687 0.003583 
2458692.443151 0.994109 0.003489 
2458692.443521 1.005515 0.003536 
2458692.443903 1.005192 0.003472 
2458692.444285 0.997419 0.003393 
2458692.444667 0.990892 0.003458 
2458692.445049 1.004007 0.003492 
2458692.445419 0.998493 0.003447 
2458692.445801 0.995527 0.003407 
2458692.446172 1.001560 0.003460 
2458692.446554 0.997256 0.003543 
2458692.446935 0.992084 0.003372 
2458692.447306 0.991131 0.003462 
2458692.447688 0.986901 0.003397 
2458692.448070 0.994376 0.003417 
2458692.448452 0.994899 0.003453 
2458692.449586 0.992556 0.003345 
2458692.449956 0.993906 0.003438 
2458692.450338 0.998829 0.003459 
2458692.451473 0.994135 0.003764 
2458692.461461 0.989558 0.003438 
2458692.461843 0.991978 0.003499 
2458692.462214 0.986814 0.003391 
2458692.462595 0.984130 0.003377 
2458692.462977 0.989013 0.003438 
2458692.463359 0.982525 0.003435 
2458692.463730 0.978577 0.003374 
2458692.464112 0.981358 0.003398 
2458692.464494 0.979247 0.003414 
2458692.464864 0.981475 0.003386 
2458692.465246 0.977132 0.003335 
2458692.465616 0.990719 0.003549 
2458692.465998 0.990026 0.003488 
2458692.466369 0.985152 0.003382 
2458692.466751 0.983246 0.003382 
2458692.467121 0.976731 0.003332 
2458692.467503 0.979091 0.003356 
2458692.467873 0.977008 0.003336 
2458692.468255 0.983532 0.003325 
2458692.468637 0.987527 0.003285 
2458692.469008 0.978410 0.003382 
2458692.469390 0.979406 0.003347 
2458692.469760 0.985612 0.003385 
2458692.470142 0.980118 0.003371 
2458692.470512 0.986259 0.003400 
2458692.470894 0.979539 0.003379 
2458692.471265 0.990449 0.003446 
2458692.471647 0.982974 0.003433 
2458692.472017 0.976432 0.003307 
2458692.472399 0.987031 0.003364 
2458692.472781 0.982751 0.003363 
2458692.473151 0.976171 0.003371 
2458692.473533 0.979234 0.003389 
2458692.473915 0.985377 0.003387 
2458692.474286 0.982110 0.003444 
2458692.474667 0.984629 0.003373 
2458692.475038 0.982982 0.003296 
2458692.475420 0.985706 0.003358 
2458692.475802 0.982720 0.003302 
2458692.476172 0.973845 0.003292 
2458692.476543 0.983580 0.003391 
2458692.476924 0.975890 0.003295 
2458692.477306 0.978691 0.003540 
2458692.477688 0.986512 0.003395 
2458692.478070 0.984550 0.003354 
2458692.480327 0.974988 0.003422 
2458692.480698 0.981846 0.003359 
2458692.481080 0.978991 0.003349 
2458692.481462 0.987955 0.003334 
2458692.481844 0.978739 0.003331 
2458692.482214 0.981060 0.003368 
2458692.482596 0.981210 0.003319 
2458692.482978 0.985107 0.003329 
2458692.483348 0.987412 0.003378 
2458692.483730 0.981400 0.003340 
2458692.484112 0.976797 0.003371 
2458692.484482 0.977094 0.003293 
2458692.484853 0.984958 0.003548 
2458692.485235 0.977550 0.003297 
2458692.485617 0.980477 0.003350 
2458692.485999 0.984104 0.003428 
2458692.486369 0.985209 0.003318 
2458692.486751 0.982378 0.003394 
2458692.487121 0.978825 0.003326 
2458692.487503 0.981761 0.003387 
2458692.488267 0.978481 0.003461 
2458692.488638 0.979504 0.003285 
2458692.489020 0.985193 0.003435 
2458692.489402 0.982237 0.003376 
2458692.489783 0.981938 0.003348 
2458692.490165 0.980631 0.003305 
2458692.490536 0.984250 0.003345 
2458692.490918 0.977314 0.003283 
2458692.491288 0.975010 0.003296 
2458692.491670 0.981933 0.003386 
2458692.492052 0.981024 0.003289 
2458692.492422 0.983008 0.003354 
2458692.492804 0.982246 0.003367 
2458692.493186 0.985725 0.003441 
2458692.493557 0.986086 0.003368 
2458692.493939 0.982146 0.003317 
2458692.494309 0.982710 0.003429 
2458692.494679 0.981405 0.003348 
2458692.495061 0.988446 0.003414 
2458692.495432 0.983428 0.003413 
2458692.495814 0.981379 0.003356 
2458692.496184 0.982957 0.003356 
2458692.496566 0.981222 0.003400 
2458692.496936 0.978310 0.003372 
2458692.497318 0.981609 0.003367 
2458692.497689 0.975508 0.003297 
2458692.498059 0.982162 0.003370 
2458692.498441 0.984159 0.003403 
2458692.498811 0.980354 0.003361 
2458692.499193 0.975247 0.003326 
2458692.499564 0.979452 0.003340 
2458692.499946 0.988146 0.003587 
2458692.500316 0.980383 0.003336 
2458692.500698 0.987062 0.003361 
2458692.501080 0.979234 0.003388 
2458692.501450 0.985220 0.003353 
2458692.501832 0.985603 0.003388 
2458692.502203 0.984954 0.003399 
2458692.502585 0.978833 0.003344 
2458692.502955 0.982159 0.003400 
2458692.503337 0.975272 0.003352 
2458692.503719 0.977863 0.003430 
2458692.504089 0.984954 0.003340 
2458692.504471 0.988610 0.003360 
2458692.504842 0.985894 0.003373 
2458692.505235 0.973928 0.003328 
2458692.505606 0.977972 0.003424 
2458692.505987 0.977146 0.003437 
2458692.506358 0.980800 0.003355 
2458692.506740 0.989791 0.003622 
2458692.507122 0.992362 0.003628 
2458692.507504 0.985245 0.003393 
2458692.507886 0.983133 0.003371 
2458692.508268 0.988906 0.003408 
2458692.508638 0.977819 0.003411 
2458692.509008 0.981497 0.003412 
2458692.509390 0.980022 0.003485 
2458692.509772 0.988232 0.003483 
2458692.510154 0.982875 0.003439 
2458692.510525 0.987024 0.003373 
2458692.510907 0.985198 0.003381 
2458692.511289 0.984018 0.003370 
2458692.511670 0.979106 0.003427 
2458692.512041 0.984546 0.003452 
2458692.512411 0.984213 0.003551 
2458692.512793 0.984134 0.003400 
2458692.513175 0.983263 0.003374 
2458692.513557 0.979677 0.003399 
2458692.513927 0.998107 0.003631 
2458692.514309 0.983454 0.003438 
2458692.514691 0.995711 0.003494 
2458692.515062 0.989127 0.003486 
2458692.515444 0.982718 0.003499 
2458692.515814 0.978176 0.003498 
2458692.516196 0.986484 0.003476 
2458692.516578 0.992055 0.003440 
2458692.516960 0.986316 0.003449 
2458692.517342 0.986284 0.003477 
2458692.517712 0.983056 0.003376 
2458692.518094 0.991048 0.003541 
2458692.518476 0.988148 0.003439 
2458692.518847 0.993908 0.003556 
2458692.519228 0.990718 0.003421 
2458692.519599 0.991538 0.003426 
2458692.519981 0.989254 0.003448 
2458692.520351 0.989980 0.003530 
2458692.520722 0.988273 0.003506 
2458692.521104 0.987809 0.003496 
2458692.521474 0.994929 0.003496 
2458692.521856 0.997227 0.003551 
2458692.522226 0.989240 0.003462 
2458692.522608 0.991612 0.003471 
2458692.522979 0.997560 0.003571 
2458692.523361 0.991801 0.003432 
2458692.523731 0.991301 0.003501 
2458692.524113 1.003859 0.003649 
2458692.524495 0.990616 0.003427 
2458692.524865 0.994701 0.003528 
2458692.525247 0.995086 0.003530 
2458692.525617 0.998168 0.003624 
2458692.525988 0.999476 0.003630 
2458692.526370 0.998906 0.003493 
2458692.526752 0.995920 0.003454 
2458692.527134 0.996923 0.003697 
2458692.527504 0.994852 0.003522 
2458692.527886 1.004437 0.003510 
2458692.528256 1.000313 0.003604 
2458692.528638 0.998551 0.003524 
2458692.529020 0.998899 0.003571 
2458692.529391 0.992244 0.003622 
2458692.529773 0.998996 0.003542 
2458692.530155 0.997490 0.003600 
2458692.530525 0.993224 0.003544 
2458692.530907 1.004850 0.003626 
2458692.531289 0.998372 0.003723 
2458692.531671 1.004065 0.003563 
2458692.532041 1.004840 0.003586 
2458692.532412 0.996652 0.003568 
2458692.532794 0.996814 0.003601 
2458692.533164 0.995225 0.003554 
2458692.533546 0.995967 0.003605 
2458692.533928 1.001702 0.003642 
2458692.534310 0.995214 0.003667 
2458692.534680 1.000643 0.003587 
2458692.535062 1.005638 0.003667 
2458692.535432 0.992256 0.003631 
2458692.535814 1.005123 0.003640 
2458692.536567 0.993171 0.003478 
2458692.536949 1.001391 0.003602 
2458692.537319 1.004817 0.003666 
2458692.537701 0.996417 0.003628 
2458692.538071 1.000041 0.003690 
2458692.538453 1.006855 0.003788 
2458692.538835 1.001711 0.003686 
2458692.539206 1.001142 0.003682 
2458692.539588 1.000107 0.003774 
2458692.539970 1.003265 0.003734 
2458692.540340 1.004677 0.003692 
2458692.540710 0.998982 0.003706 
2458692.541092 0.989822 0.003536 
2458692.541463 0.998748 0.003904 
2458692.541845 0.995753 0.003754 
2458692.542227 1.009158 0.003624 
2458692.542597 1.001903 0.003675 
2458692.542979 0.992072 0.003688 
2458692.543361 1.001635 0.003716 
2458692.543731 0.997180 0.003691 
2458692.544113 0.999453 0.003717 
2458692.544495 1.007654 0.003741 
2458692.544866 1.001206 0.003721 
2458692.545247 1.004485 0.003820 
2458692.545629 1.005241 0.003721 
2458692.546011 1.001718 0.003888 
2458692.546393 1.006323 0.003733 
2458692.546764 0.994585 0.003806 
2458692.547146 0.992443 0.003744 
2458692.547528 1.002944 0.003766 
2458692.547910 1.005218 0.003665 
2458692.548292 0.994917 0.003782 
2458692.548673 1.003364 0.003836 
2458692.549044 0.991188 0.003935 
2458692.549426 1.003908 0.003803 
2458692.549808 0.991148 0.003869 
2458692.550190 1.001369 0.003822 
2458692.550560 1.000737 0.003775 
2458692.550942 0.994911 0.003958 
2458692.551324 0.996519 0.003850 
2458692.551706 1.004732 0.003937 
2458692.552088 0.999422 0.003796 
2458692.552458 0.997803 0.003854 
2458692.552840 0.998982 0.003799 
2458692.553222 1.007317 0.003875 
2458692.553593 1.000743 0.003861 
2458692.553975 1.004781 0.003884 
2458692.554738 0.994988 0.003815 
2458692.555109 0.996347 0.003947 
2458692.555491 1.009861 0.003978 
2458692.555873 1.006953 0.003922 
2458692.556243 0.998435 0.003977 
2458692.556625 0.997440 0.003926 
2458692.557007 1.006433 0.004119 
2458692.557389 0.995264 0.003870 
2458692.557759 0.999014 0.003942 
2458692.558141 0.996426 0.003966 
2458692.558512 0.995521 0.003992 
2458692.558894 1.000933 0.004222 
2458692.559276 0.990824 0.004054 
2458692.559646 1.000547 0.003968 
2458692.560016 1.002419 0.004026 
2458692.560398 1.009070 0.004123 
2458692.560769 0.993759 0.004012 
2458692.561151 1.008320 0.004125 
2458692.561521 1.000629 0.004048 
2458692.561903 0.999161 0.004113 
2458692.562273 1.002598 0.004272 
2458692.562655 1.006358 0.004130 
2458692.563026 0.998206 0.004068 
2458692.563789 1.005668 0.004206 
2458692.564160 0.999766 0.004142 
2458692.564542 0.997672 0.004280 
2458692.564924 0.995883 0.004251 
2458692.565306 0.994621 0.004202 
2458692.565676 0.999580 0.004148 
2458692.566428 0.996938 0.004275 
