Title: WASP-37 T100 Light Curve on 2020-06-22
Authors: Basturk et al. (2021)
Table:
================================================================================
Byte-by-byte Description of file: wasp37_T100_20200622.txt
--------------------------------------------------------------------------------
   Bytes Format Units Label    Explanations
--------------------------------------------------------------------------------
   1- 14 F14.6  d       BJD-TDB  Barycentric Dynamical Time in Julian Days
  16- 23 F8.6   ---     Flux     Normalized Flux
  25- 32 F8.6   ---     FluxErr  Error in Normalized Flux Units
--------------------------------------------------------------------------------
Note (1):   Passband: Bessel-R
Note (2):   ***OR REMOVE THIS SECTION***
--------------------------------------------------------------------------------
2459023.376361 0.986565 0.002123 
2459023.378190 0.990041 0.001976 
2459023.379833 0.985002 0.001986 
2459023.381465 0.988483 0.001874 
2459023.383097 0.986184 0.001797 
2459023.384729 0.988567 0.001792 
2459023.387992 0.985158 0.001642 
2459023.389624 0.986092 0.001606 
2459023.391349 0.984704 0.001568 
2459023.392981 0.984893 0.001550 
2459023.394612 0.986382 0.001535 
2459023.399508 0.987719 0.001500 
2459023.401151 0.990415 0.001540 
2459023.404415 0.986637 0.001571 
2459023.406047 0.986428 0.001571 
2459023.407679 0.990881 0.001533 
2459023.409310 0.990305 0.001487 
2459023.412586 0.986800 0.001553 
2459023.414217 0.987818 0.001535 
2459023.415849 0.981110 0.001535 
2459023.417481 0.991199 0.001543 
2459023.419113 0.987072 0.001563 
2459023.422388 0.985147 0.001515 
2459023.424020 0.981822 0.001545 
2459023.425652 0.982917 0.001538 
2459023.428915 0.986520 0.001553 
2459023.430547 0.983416 0.001566 
2459023.432191 0.985982 0.001533 
2459023.433822 0.989585 0.001584 
2459023.435454 0.991018 0.001561 
2459023.437086 0.984231 0.001558 
2459023.438718 0.990524 0.001596 
2459023.440361 0.985901 0.001578 
2459023.441993 0.985611 0.001606 
2459023.443625 0.991245 0.001596 
2459023.445257 0.991466 0.001596 
2459023.446888 0.985356 0.001596 
2459023.448520 0.988238 0.001619 
2459023.450164 0.983961 0.001685 
2459023.451796 0.982439 0.001619 
2459023.453428 0.985792 0.001632 
2459023.455059 0.988539 0.001665 
2459023.456703 0.986064 0.001652 
2459023.458334 0.988521 0.001655 
2459023.459966 0.984931 0.001696 
2459023.461598 0.990252 0.001678 
2459023.463230 0.989567 0.001711 
2459023.464862 0.982502 0.001718 
2459023.466494 0.988029 0.001683 
2459023.468126 0.982449 0.001701 
2459023.469757 0.987581 0.001736 
2459023.473032 0.984167 0.001757 
2459023.474664 0.986902 0.001772 
2459023.476308 0.989430 0.001767 
2459023.477940 0.996482 0.001833 
2459023.479571 0.991336 0.001815 
2459023.481203 0.992250 0.001825 
2459023.482835 1.000360 0.000708 
2459023.484467 1.001357 0.000723 
2459023.487742 1.001739 0.000726 
2459023.489374 0.997036 0.000751 
2459023.491006 0.997856 0.000758 
2459023.492638 1.002500 0.000776 
2459023.494269 0.999238 0.000755 
2459023.495901 0.998093 0.000771 
2459023.497533 0.999833 0.000772 
2459023.499176 1.002008 0.000766 
2459023.500808 0.996848 0.000776 
2459023.502440 1.002976 0.000773 
2459023.504072 1.000158 0.000788 
