Title: WASP-2 T35 Light Curve on 2019-07-20
Authors: Basturk et al. (2021)
Table:
================================================================================
Byte-by-byte Description of file: wasp2_20190720_T35.txt
--------------------------------------------------------------------------------
   Bytes Format Units Label    Explanations
--------------------------------------------------------------------------------
   1- 14 F14.6  d       BJD-TDB  Barycentric Dynamical Time in Julian Days
  16- 23 F8.6   ---     Flux     Normalized Flux
  25- 32 F8.6   ---     FluxErr  Error in Normalized Flux Units
--------------------------------------------------------------------------------
Note (1):   Passband: Bessel-R
Note (2):   ***OR REMOVE THIS SECTION***
--------------------------------------------------------------------------------
2458685.335343 1.005670 0.009294 
2458685.335818 1.001691 0.009206 
2458685.336292 0.998820 0.008864 
2458685.336779 1.000593 0.008411 
2458685.337253 0.998755 0.008675 
2458685.337728 1.002721 0.008374 
2458685.338214 1.001815 0.008427 
2458685.338688 0.980169 0.008468 
2458685.339163 0.990362 0.008465 
2458685.339637 0.994534 0.008327 
2458685.340112 1.002901 0.008755 
2458685.340598 1.008530 0.008456 
2458685.341073 1.005913 0.008705 
2458685.341559 0.998476 0.009038 
2458685.342033 1.005866 0.008913 
2458685.342519 0.982327 0.008655 
2458685.342994 1.013709 0.008863 
2458685.343468 0.993805 0.009224 
2458685.343955 1.001123 0.008552 
2458685.344429 0.994035 0.008907 
2458685.344904 1.007839 0.009152 
2458685.345390 0.985414 0.008992 
2458685.345864 1.002393 0.008958 
2458685.346339 0.996769 0.009058 
2458685.346813 1.008086 0.008678 
2458685.347288 1.002601 0.008700 
2458685.347774 0.996142 0.008735 
2458685.348249 0.991190 0.008864 
2458685.348723 1.015595 0.009241 
2458685.349209 0.999383 0.009078 
2458685.349684 1.006572 0.009207 
2458685.350170 1.000538 0.009232 
2458685.350645 1.003788 0.009038 
2458685.351131 1.009785 0.009475 
2458685.351605 0.984171 0.009315 
2458685.352080 1.014376 0.009522 
2458685.352566 0.994588 0.009126 
2458685.353040 0.997146 0.009302 
2458685.353527 1.006451 0.009384 
2458685.354001 1.001991 0.010199 
2458685.354476 0.995167 0.009340 
2458685.354950 0.996479 0.009441 
2458685.355436 1.002065 0.009199 
2458685.355911 0.989985 0.009152 
2458685.356397 0.999491 0.009168 
2458685.356872 1.008916 0.008989 
2458685.357358 1.019408 0.009464 
2458685.357832 1.009526 0.009178 
2458685.358307 1.013686 0.009801 
2458685.358793 0.986745 0.008958 
2458685.359267 0.997388 0.008954 
2458685.359742 0.990907 0.009165 
2458685.360217 1.014484 0.009018 
2458685.360703 0.995382 0.008974 
2458685.361177 0.996389 0.008955 
2458685.361652 1.011964 0.009159 
2458685.362138 1.002165 0.008999 
2458685.362612 0.991652 0.008908 
2458685.363573 1.010618 0.009065 
2458685.364048 0.999028 0.008848 
2458685.364534 1.007261 0.009563 
2458685.365008 0.994090 0.009176 
2458685.365483 1.008241 0.008808 
2458685.365969 0.989817 0.010114 
2458685.366444 0.993918 0.008978 
2458685.366930 1.007456 0.009028 
2458685.367404 0.988368 0.008890 
2458685.367879 0.992388 0.009088 
2458685.368365 0.998066 0.009010 
2458685.368839 0.996346 0.008695 
2458685.369314 1.002455 0.008812 
2458685.369788 1.001050 0.009312 
2458685.370275 1.002509 0.008900 
2458685.370749 0.992560 0.009120 
2458685.371224 1.003888 0.008922 
2458685.371710 0.992870 0.009076 
2458685.372184 1.005359 0.008680 
2458685.372659 0.996019 0.009218 
2458685.373133 0.997891 0.008863 
2458685.373608 0.992478 0.008979 
2458685.374094 0.998337 0.008816 
2458685.374569 0.997478 0.008608 
2458685.375055 0.994350 0.008734 
2458685.375529 1.015312 0.008573 
2458685.376015 0.987102 0.008422 
2458685.376490 1.009236 0.009521 
2458685.376965 0.999816 0.008800 
2458685.377439 1.002519 0.008734 
2458685.377914 0.998742 0.008363 
2458685.378400 0.988336 0.008483 
2458685.378874 0.998491 0.008489 
2458685.379360 1.003601 0.009068 
2458685.379847 1.008406 0.008857 
2458685.380321 0.996244 0.008517 
2458685.380807 1.011124 0.009015 
2458685.381282 1.011685 0.009182 
2458685.381768 1.001977 0.009065 
2458685.382242 0.994255 0.008640 
2458685.382717 0.991581 0.008798 
2458685.383192 1.001623 0.008918 
2458685.383678 0.991636 0.008792 
2458685.384152 1.006094 0.009066 
2458685.384627 1.007281 0.008606 
2458685.385113 0.991456 0.008675 
2458685.385599 0.998713 0.008748 
2458685.386074 1.004926 0.008584 
2458685.386560 1.008541 0.009141 
2458685.387034 0.994291 0.008880 
2458685.387509 1.007413 0.008849 
2458685.387983 0.991358 0.008736 
2458685.388469 1.002415 0.008660 
2458685.388944 1.014138 0.008830 
2458685.389430 0.980515 0.008773 
2458685.389905 1.004277 0.008994 
2458685.390379 0.997687 0.009136 
2458685.390865 0.999747 0.009384 
2458685.391340 0.986890 0.008918 
2458685.391814 0.993782 0.008711 
2458685.392301 1.000677 0.009041 
2458685.392775 0.996741 0.008626 
2458685.393250 0.989754 0.008840 
2458685.393724 0.991288 0.009177 
2458685.394210 1.020998 0.009438 
2458685.394685 1.001152 0.008979 
2458685.395159 1.004921 0.009473 
2458685.395634 1.009800 0.009039 
2458685.396120 1.009772 0.008758 
2458685.396595 1.013953 0.009486 
2458685.397127 0.998798 0.009753 
2458685.397602 1.012970 0.009895 
2458685.398076 0.988909 0.009140 
2458685.398551 1.013517 0.009212 
2458685.399037 1.004992 0.009442 
2458685.399511 1.000537 0.009048 
2458685.399986 1.011809 0.008614 
2458685.400460 0.988687 0.008775 
2458685.400947 0.992645 0.008759 
2458685.401421 1.003041 0.008853 
2458685.401896 0.984100 0.009165 
2458685.402382 1.006293 0.009307 
2458685.402856 0.996833 0.008967 
2458685.403331 1.014198 0.009001 
2458685.403805 1.006932 0.008847 
2458685.404292 1.004591 0.008907 
2458685.404766 1.005843 0.008514 
2458685.405241 0.990979 0.009241 
2458685.405715 1.014469 0.009638 
2458685.406664 0.979767 0.008709 
2458685.407139 0.989660 0.008753 
2458685.407625 0.994219 0.009071 
2458685.408100 1.018074 0.009036 
2458685.408574 1.006985 0.008996 
2458685.409060 1.009758 0.008980 
2458685.409535 1.007099 0.009509 
2458685.410009 1.007519 0.009962 
2458685.410495 0.991170 0.009226 
2458685.410970 0.993190 0.008725 
2458685.411444 0.988658 0.009244 
2458685.411919 0.993930 0.008886 
2458685.412405 1.000407 0.008905 
2458685.412880 0.996575 0.009144 
2458685.413354 0.989019 0.008738 
2458685.413840 0.999058 0.008908 
2458685.414315 1.012496 0.008785 
2458685.414789 0.996061 0.008678 
2458685.415264 1.011301 0.009298 
2458685.415750 1.001221 0.009009 
2458685.416225 1.015383 0.008744 
2458685.416699 1.010819 0.008993 
2458685.417174 0.995057 0.008854 
2458685.417648 0.991819 0.009059 
2458685.418134 0.996546 0.009059 
2458685.418609 1.003172 0.008725 
2458685.419084 1.006749 0.008754 
2458685.419570 0.994514 0.008332 
2458685.420044 0.981684 0.009176 
2458685.420530 0.994331 0.009220 
2458685.421016 1.000014 0.008949 
2458685.421491 0.987208 0.008965 
2458685.421966 0.980510 0.008729 
2458685.422452 0.998620 0.008908 
2458685.422926 0.997609 0.008823 
2458685.423401 0.998561 0.008908 
2458685.423887 1.010006 0.009066 
2458685.424361 1.005069 0.008483 
2458685.424848 0.989812 0.008357 
2458685.425322 0.999347 0.009085 
2458685.425797 1.012644 0.008483 
2458685.426271 0.996119 0.008615 
2458685.426746 1.008678 0.008993 
2458685.427220 0.992137 0.008836 
2458685.427706 1.013333 0.008543 
2458685.428181 1.006653 0.008486 
2458685.428667 0.993536 0.008792 
2458685.429142 1.013438 0.008741 
2458685.429616 1.000060 0.008861 
2458685.430091 0.990579 0.008408 
2458685.430565 0.996836 0.009258 
2458685.431040 0.996256 0.009094 
2458685.431526 1.002032 0.008584 
2458685.432000 0.989707 0.008795 
2458685.432475 1.022037 0.009548 
2458685.432961 0.993926 0.008981 
2458685.433447 1.003260 0.009296 
2458685.433922 1.001058 0.008553 
2458685.434396 1.019257 0.008845 
2458685.434882 1.005847 0.008616 
2458685.435357 0.994263 0.009223 
2458685.435832 0.988556 0.009016 
2458685.436318 1.001906 0.008729 
2458685.436804 0.983839 0.009195 
2458685.437278 1.005281 0.009352 
2458685.437753 0.994278 0.008738 
2458685.438239 0.984274 0.008487 
2458685.438714 0.995391 0.008502 
2458685.439188 0.986526 0.008449 
2458685.439663 0.986475 0.008641 
2458685.440137 0.995716 0.008638 
2458685.440612 1.017827 0.008830 
2458685.441086 0.996089 0.008543 
2458685.441561 0.993410 0.008455 
2458685.442047 1.012287 0.008575 
2458685.442522 1.021180 0.009053 
2458685.443008 0.997144 0.008962 
2458685.443494 1.001084 0.009113 
2458685.443968 1.001660 0.008946 
2458685.444443 0.997006 0.008556 
2458685.444917 0.997257 0.008738 
2458685.445404 0.979924 0.008792 
2458685.445878 1.002318 0.009056 
2458685.446353 1.009449 0.008669 
2458685.446827 1.003073 0.009101 
2458685.447302 1.005775 0.009900 
2458685.447776 0.996104 0.008820 
2458685.448262 0.990400 0.009371 
2458685.448737 0.989272 0.008767 
2458685.449212 1.009598 0.009163 
2458685.449686 0.980514 0.009233 
2458685.450172 1.004466 0.009220 
2458685.450647 0.994575 0.008880 
2458685.451133 1.004622 0.009170 
2458685.451619 1.003149 0.009082 
2458685.452094 0.998330 0.008927 
2458685.452568 1.003706 0.009201 
2458685.453043 1.012456 0.009201 
2458685.453529 1.011852 0.009321 
2458685.454003 0.996670 0.009507 
2458685.454478 1.002390 0.009088 
2458685.454952 0.999249 0.009283 
2458685.455438 0.981811 0.009085 
2458685.455913 0.996237 0.009066 
2458685.456388 1.011852 0.009302 
2458685.457337 0.996347 0.009170 
2458685.457823 1.004300 0.009204 
2458685.458297 1.010228 0.009166 
2458685.458772 1.001549 0.009806 
2458685.459246 1.001696 0.008955 
2458685.459721 0.996974 0.009116 
2458685.460196 1.014615 0.009352 
2458685.460682 1.000831 0.008977 
2458685.461156 1.014150 0.008867 
2458685.461631 0.993454 0.009273 
2458685.462117 0.999978 0.009031 
2458685.462591 0.987982 0.009037 
2458685.463066 1.005139 0.009415 
2458685.463541 0.994379 0.009201 
2458685.464027 0.995865 0.009015 
2458685.464501 0.997217 0.009179 
2458685.464976 0.992738 0.008946 
2458685.465462 0.995913 0.009097 
2458685.465936 1.001260 0.009673 
2458685.466423 0.984907 0.009172 
2458685.466897 1.000021 0.009430 
2458685.467383 1.005243 0.009484 
2458685.467869 0.996790 0.009305 
2458685.468344 0.992472 0.009616 
2458685.468865 0.988219 0.009585 
2458685.469339 0.982399 0.009301 
2458685.469814 0.992036 0.009182 
2458685.470288 1.000327 0.009163 
2458685.470774 1.006129 0.009134 
2458685.471249 0.991957 0.009361 
2458685.471724 1.013161 0.009839 
2458685.472198 0.984569 0.009572 
2458685.472673 1.021050 0.009676 
2458685.473159 0.999098 0.009377 
2458685.473633 1.001396 0.009685 
2458685.474119 1.004275 0.009361 
2458685.474606 1.008521 0.009698 
2458685.475080 0.995156 0.009433 
2458685.475555 1.004492 0.009874 
2458685.476029 0.986163 0.009373 
2458685.476504 0.996669 0.009512 
2458685.476978 0.982281 0.010774 
2458685.477453 0.995456 0.009801 
2458685.477939 1.006871 0.009540 
2458685.478414 1.002411 0.009439 
2458685.478900 0.986368 0.009628 
2458685.479374 0.994709 0.009086 
2458685.479860 0.983292 0.009826 
2458685.480335 1.014040 0.009940 
2458685.480809 0.992979 0.009792 
2458685.481284 0.991977 0.010160 
2458685.481770 1.007927 0.009996 
2458685.482245 0.986286 0.009590 
2458685.482719 0.993051 0.010034 
2458685.483205 0.996946 0.010254 
2458685.483680 0.996576 0.010109 
2458685.484154 0.978588 0.010131 
2458685.484629 1.003931 0.009927 
2458685.485103 0.983351 0.009492 
2458685.485590 1.004733 0.009571 
2458685.486064 0.978575 0.009404 
2458685.486539 0.983794 0.009778 
2458685.487013 0.999991 0.009844 
2458685.487488 0.998994 0.009851 
2458685.487962 0.983128 0.010068 
2458685.488448 0.983958 0.009602 
2458685.488923 0.984132 0.010128 
2458685.489398 0.999192 0.009463 
2458685.489884 0.986374 0.009920 
2458685.490358 0.968766 0.009857 
2458685.490833 0.993417 0.010108 
2458685.491319 0.983174 0.009617 
2458685.491793 0.992698 0.009979 
2458685.492268 0.982067 0.009372 
2458685.492754 0.995730 0.009435 
2458685.493229 0.962584 0.009538 
2458685.493703 0.981129 0.009438 
2458685.494178 0.991479 0.009538 
2458685.494652 0.986677 0.009718 
2458685.495127 0.990863 0.009614 
2458685.495613 0.987467 0.009991 
2458685.496088 0.991998 0.009576 
2458685.496562 0.973515 0.009462 
2458685.497037 0.999149 0.009916 
2458685.497523 0.979308 0.009670 
2458685.497997 0.984914 0.010375 
2458685.498472 0.981661 0.009481 
2458685.498958 0.988080 0.009566 
2458685.499444 0.992472 0.009748 
2458685.499919 0.984283 0.009289 
2458685.500393 0.988894 0.009235 
2458685.500868 0.968340 0.009018 
2458685.501342 0.974351 0.010296 
2458685.501828 0.984896 0.009462 
2458685.502303 0.990468 0.009786 
2458685.502777 0.990890 0.009616 
2458685.503252 0.987976 0.009660 
2458685.503727 0.985029 0.009748 
2458685.504213 0.983990 0.009981 
2458685.504687 0.974187 0.009634 
2458685.505162 0.982748 0.009763 
2458685.505648 0.997164 0.010028 
2458685.506122 0.970067 0.009310 
2458685.506597 0.999657 0.009703 
2458685.507072 0.980430 0.010418 
2458685.507546 0.976416 0.009288 
2458685.508032 0.984640 0.009461 
2458685.508507 0.986348 0.009429 
2458685.508993 0.988308 0.009829 
2458685.509467 0.991025 0.009602 
2458685.509942 0.980854 0.009520 
2458685.510417 0.987946 0.009640 
2458685.510903 0.972129 0.010033 
2458685.511377 0.995553 0.009583 
2458685.511863 0.960832 0.009510 
2458685.512338 0.977366 0.009621 
2458685.512812 0.996684 0.009655 
2458685.513299 0.983495 0.009479 
2458685.513773 0.982637 0.009652 
2458685.514259 0.980820 0.009551 
2458685.514734 0.990634 0.010045 
2458685.515208 0.990897 0.009982 
2458685.515683 1.000925 0.009670 
2458685.516157 0.969528 0.009293 
2458685.516644 0.987752 0.009890 
2458685.517118 0.983515 0.009349 
2458685.517593 0.988463 0.009682 
2458685.518079 0.967861 0.009456 
2458685.518553 0.973222 0.009248 
2458685.519028 0.976458 0.010066 
2458685.519502 0.977737 0.010336 
2458685.519977 0.994836 0.009770 
2458685.520463 0.994065 0.009364 
2458685.520949 0.994562 0.009877 
2458685.521424 0.967266 0.009792 
2458685.521898 0.990168 0.010260 
2458685.522384 0.994965 0.009345 
2458685.522870 0.989758 0.009584 
2458685.523345 0.974888 0.010427 
2458685.523820 0.985904 0.009700 
2458685.524294 0.979831 0.010109 
2458685.524769 0.976073 0.009697 
2458685.525255 0.985650 0.009552 
2458685.525729 0.978796 0.010118 
2458685.526215 1.001714 0.010052 
2458685.526690 0.992236 0.010222 
2458685.527165 0.991696 0.009923 
2458685.527639 0.983119 0.010077 
2458685.528114 0.984669 0.010108 
2458685.528588 0.995999 0.010473 
2458685.529074 0.986636 0.009998 
2458685.529549 0.992344 0.010281 
2458685.530023 0.996160 0.010167 
2458685.530510 0.990273 0.010362 
2458685.530984 0.977906 0.010088 
2458685.531470 1.000200 0.010154 
2458685.531945 0.996566 0.009981 
2458685.532431 0.981054 0.010151 
2458685.532905 1.010921 0.010245 
2458685.533380 0.989900 0.010006 
2458685.533866 0.989162 0.010528 
2458685.534341 0.984192 0.010216 
2458685.534815 0.989314 0.010449 
2458685.535301 0.972326 0.011021 
2458685.535776 0.993814 0.010235 
2458685.536250 1.002824 0.010291 
2458685.536725 0.991984 0.010426 
2458685.537200 0.985329 0.010382 
2458685.537686 0.984685 0.010234 
2458685.538160 1.000052 0.010561 
2458685.538635 0.988936 0.010181 
2458685.539109 1.005276 0.010435 
2458685.539595 0.981170 0.010690 
2458685.540070 1.008204 0.010164 
2458685.540591 1.009154 0.010312 
2458685.541065 0.996674 0.010369 
2458685.541551 0.992386 0.010714 
2458685.542038 0.999593 0.010010 
2458685.542512 0.991169 0.010434 
2458685.542987 0.998989 0.010412 
2458685.543461 1.006983 0.011094 
2458685.543936 1.011523 0.010616 
2458685.544410 1.000664 0.010496 
2458685.544885 1.009807 0.010487 
2458685.545371 0.997202 0.011163 
2458685.545846 0.998401 0.010700 
2458685.546320 0.989361 0.010920 
2458685.546795 0.986668 0.011215 
2458685.547281 1.005140 0.011127 
2458685.547755 1.014600 0.011039 
2458685.548230 0.997947 0.011388 
2458685.548704 1.018698 0.011271 
2458685.549191 0.998489 0.011180 
2458685.549665 0.999263 0.012223 
2458685.550140 1.008945 0.011843 
2458685.550626 0.992183 0.012264 
2458685.551100 0.999572 0.011160 
2458685.551575 1.012373 0.011663 
2458685.552049 1.001422 0.011113 
2458685.552524 0.999872 0.010984 
2458685.553010 0.998461 0.012077 
2458685.553485 0.998035 0.011376 
2458685.553971 1.004029 0.011197 
2458685.554445 0.987592 0.010923 
2458685.554920 0.995066 0.011530 
2458685.555406 0.996084 0.011501 
2458685.555880 1.000628 0.012469 
2458685.556355 0.999685 0.012711 
2458685.556830 0.991025 0.011576 
2458685.557779 0.984623 0.011723 
2458685.558265 1.003706 0.011911 
2458685.558739 0.981095 0.012709 
2458685.559214 1.004176 0.011669 
2458685.559700 1.004056 0.011546 
2458685.560186 0.987604 0.011329 
2458685.561610 1.004951 0.011951 
2458685.562084 1.000341 0.011872 
2458685.562570 0.985208 0.014071 
2458685.563045 0.998800 0.011721 
2458685.563520 0.997754 0.012339 
2458685.563994 1.008153 0.012895 
2458685.564469 0.985959 0.012571 
2458685.564955 1.013558 0.011936 
2458685.565429 1.018314 0.012244 
2458685.565915 0.996456 0.011992 
2458685.566390 1.015330 0.012017 
2458685.566864 0.999941 0.012331 
2458685.567339 0.995203 0.012648 
2458685.567825 0.996668 0.012475 
2458685.568300 1.005697 0.012459 
2458685.568774 0.994972 0.012908 
2458685.569249 1.004229 0.012898 
2458685.569723 0.979803 0.013460 
2458685.570209 1.007015 0.013048 
2458685.570684 0.981166 0.012991 
2458685.571170 1.000503 0.013255 
2458685.571645 1.020438 0.013490 
2458685.572119 0.992035 0.014438 
2458685.572594 1.012355 0.013631 
2458685.574041 0.999973 0.014314 
