Title: WASP-37 UT50 Light Curve on 2020-05-28
Authors: Basturk et al. (2021)
Table:
================================================================================
Byte-by-byte Description of file: wasp37_UT50_20200528.txt
--------------------------------------------------------------------------------
   Bytes Format Units Label    Explanations
--------------------------------------------------------------------------------
   1- 14 F14.6  d       BJD-TDB  Barycentric Dynamical Time in Julian Days
  16- 23 F8.6   ---     Flux     Normalized Flux
  25- 32 F8.6   ---     FluxErr  Error in Normalized Flux Units
--------------------------------------------------------------------------------
Note (1):   Passband: Cousins-R
Note (2):   ***OR REMOVE THIS SECTION***
--------------------------------------------------------------------------------
2458998.269126 0.991453 0.011766 
2458998.269832 0.994803 0.011773 
2458998.270538 0.993693 0.011599 
2458998.271232 1.009045 0.011859 
2458998.271938 0.995624 0.011745 
2458998.272644 0.992896 0.011672 
2458998.273350 0.993389 0.011648 
2458998.274044 0.991681 0.011599 
2458998.274750 0.995639 0.011731 
2458998.275456 1.001993 0.011758 
2458998.276162 1.004655 0.011716 
2458998.276868 1.009314 0.011923 
2458998.277574 1.004866 0.011676 
2458998.278280 1.015026 0.011727 
2458998.278986 0.992083 0.011525 
2458998.279681 0.995385 0.011496 
2458998.280387 1.008495 0.011729 
2458998.281093 1.002700 0.011543 
2458998.281799 1.009583 0.011703 
2458998.282505 1.006316 0.011657 
2458998.283211 1.004968 0.011545 
2458998.283905 1.004334 0.011633 
2458998.284611 0.999966 0.011596 
2458998.285317 1.005464 0.011745 
2458998.286023 1.011112 0.011810 
2458998.286729 1.001406 0.011701 
2458998.287423 1.000789 0.011648 
2458998.288129 1.000241 0.011597 
2458998.288835 0.994367 0.011684 
2458998.289541 1.002306 0.011633 
2458998.290247 1.007969 0.011660 
2458998.290953 0.992993 0.011588 
2458998.291659 0.987267 0.011430 
2458998.292365 0.994094 0.011414 
2458998.293060 0.991707 0.011630 
2458998.293766 0.990434 0.011577 
2458998.294472 1.001994 0.011684 
2458998.295178 1.008506 0.011735 
2458998.295884 0.999509 0.011528 
2458998.296590 0.989202 0.011401 
2458998.297296 1.001042 0.011442 
2458998.298002 0.998634 0.011706 
2458998.298696 0.992509 0.011473 
2458998.299402 1.003299 0.011450 
2458998.300108 1.002791 0.011549 
2458998.300814 1.006557 0.011571 
2458998.301508 0.993987 0.011636 
2458998.302214 0.995038 0.011604 
2458998.302920 1.000975 0.011686 
2458998.303626 0.996277 0.011532 
2458998.304332 0.985417 0.011461 
2458998.305038 0.994767 0.011646 
2458998.305744 0.979302 0.011446 
2458998.306450 0.980311 0.011386 
2458998.307156 0.989334 0.011659 
2458998.307862 0.984799 0.011471 
2458998.308568 0.974915 0.011466 
2458998.309274 0.980875 0.011443 
2458998.309980 0.986406 0.011513 
2458998.310686 0.981990 0.011502 
2458998.312098 0.971500 0.011426 
2458998.312793 0.987273 0.011585 
2458998.314216 0.982586 0.011661 
2458998.314911 0.986044 0.011521 
2458998.315617 0.978308 0.011511 
2458998.316323 0.980521 0.011452 
2458998.317029 0.995585 0.011719 
2458998.317735 0.985266 0.011698 
2458998.318441 0.985434 0.011712 
2458998.319147 0.978173 0.011632 
2458998.319841 0.982969 0.011598 
2458998.320547 0.982240 0.011688 
2458998.321253 0.983621 0.011614 
2458998.321959 0.975036 0.011372 
2458998.322665 0.986827 0.011572 
2458998.323371 0.975116 0.011545 
2458998.324065 0.981210 0.011467 
2458998.324771 0.981460 0.011552 
2458998.325477 0.982710 0.011572 
2458998.326183 0.985242 0.011434 
2458998.326878 0.979470 0.011494 
2458998.327584 0.979315 0.011499 
2458998.328290 0.979727 0.011606 
2458998.328996 0.970555 0.011511 
2458998.329702 0.979653 0.011599 
2458998.330396 0.967082 0.011450 
2458998.331102 0.964541 0.011263 
2458998.331808 0.961230 0.011300 
2458998.332514 0.976153 0.011464 
2458998.333208 0.966787 0.011373 
2458998.333914 0.968962 0.011544 
2458998.334620 0.972252 0.011417 
2458998.335326 0.977993 0.011637 
2458998.336032 0.974720 0.011531 
2458998.336727 0.979983 0.011469 
2458998.337433 0.977464 0.011574 
2458998.338139 0.983448 0.011577 
2458998.338845 0.978829 0.011532 
2458998.339551 0.971754 0.011414 
2458998.340951 0.974263 0.011561 
2458998.341657 0.981105 0.011739 
2458998.342363 0.983548 0.011725 
2458998.343058 0.986972 0.011680 
2458998.343764 0.981438 0.011737 
2458998.344470 0.975368 0.011734 
2458998.345176 0.978250 0.011637 
2458998.345882 0.974248 0.011558 
2458998.346576 0.983296 0.011852 
2458998.347282 0.970165 0.011708 
2458998.347988 0.966042 0.011769 
2458998.348694 0.967721 0.011682 
2458998.349388 0.965896 0.011942 
2458998.350094 0.963340 0.011853 
2458998.350800 0.975885 0.011861 
2458998.351506 0.973625 0.011802 
2458998.352212 0.980378 0.011768 
2458998.352918 0.978098 0.011807 
2458998.353624 0.968307 0.011800 
2458998.354330 0.965339 0.011825 
2458998.355036 0.969777 0.011917 
2458998.355742 0.965544 0.011836 
2458998.356437 0.961225 0.011880 
2458998.357143 0.959497 0.011990 
2458998.357849 0.968274 0.012070 
2458998.358555 0.971809 0.012182 
2458998.359261 0.965428 0.012125 
2458998.359967 0.975313 0.012243 
2458998.360673 0.971293 0.012223 
2458998.361379 0.974864 0.012428 
2458998.362084 0.966703 0.012354 
2458998.362790 0.971032 0.012492 
2458998.363496 0.962121 0.012291 
2458998.364202 0.970896 0.012437 
2458998.364897 0.971429 0.012521 
2458998.365603 0.960874 0.012699 
2458998.366309 0.965650 0.012665 
2458998.367015 0.967853 0.012643 
2458998.367721 0.967843 0.012672 
2458998.368427 0.966571 0.012517 
2458998.369133 0.965149 0.012492 
2458998.369839 0.955678 0.012383 
2458998.383565 0.972478 0.012571 
2458998.384271 0.975816 0.012866 
2458998.384977 0.971376 0.012640 
2458998.385683 0.970752 0.012802 
2458998.386389 0.986155 0.013150 
2458998.387095 0.975918 0.012797 
2458998.387801 0.972516 0.012772 
2458998.388507 0.961806 0.012737 
2458998.389213 0.965498 0.012934 
2458998.389919 0.965412 0.012835 
2458998.390625 0.962553 0.012802 
2458998.391331 0.959146 0.012982 
2458998.392037 0.980482 0.013371 
2458998.392731 0.967293 0.013076 
2458998.393449 0.965029 0.013296 
2458998.394155 0.967820 0.013343 
2458998.394861 0.967746 0.013461 
2458998.395555 0.964288 0.013518 
2458998.396261 0.977427 0.014019 
2458998.396967 0.980377 0.014252 
2458998.397673 0.964732 0.013973 
2458998.398368 0.977077 0.014200 
2458998.399074 0.968436 0.013974 
2458998.399780 0.977868 0.014024 
2458998.400486 0.976268 0.014272 
2458998.401192 0.993218 0.014502 
2458998.401898 0.971865 0.014191 
2458998.402592 0.964718 0.014339 
2458998.403298 0.971084 0.014525 
2458998.404004 0.961907 0.014857 
2458998.404710 0.964486 0.014936 
2458998.405416 0.990318 0.015438 
2458998.406122 0.972535 0.015154 
2458998.406828 0.989964 0.015478 
2458998.407534 0.976300 0.015093 
2458998.408240 0.979298 0.015271 
2458998.408946 0.976321 0.015427 
2458998.409652 0.981888 0.015508 
2458998.410358 0.978253 0.015511 
2458998.411064 0.970392 0.015561 
2458998.411770 0.986311 0.015732 
2458998.412464 0.974290 0.015423 
2458998.413170 0.972041 0.015725 
2458998.413876 0.958034 0.015337 
2458998.414582 0.973136 0.015366 
2458998.415288 0.972771 0.015314 
2458998.415994 0.983597 0.015588 
2458998.416700 0.981436 0.015750 
2458998.417406 0.979140 0.015431 
2458998.418112 0.973999 0.015165 
2458998.418818 0.977538 0.015438 
2458998.419524 0.964812 0.015410 
2458998.420219 0.981134 0.016014 
2458998.420924 0.979672 0.015747 
2458998.421630 0.975400 0.015967 
2458998.422336 0.984226 0.016162 
2458998.423042 0.977201 0.016194 
2458998.423737 0.972119 0.016456 
2458998.424443 0.973756 0.016712 
2458998.425149 0.978892 0.017023 
2458998.425855 0.985970 0.017504 
2458998.426561 0.986650 0.017286 
2458998.427267 0.978875 0.017619 
2458998.427973 1.000587 0.017775 
2458998.428679 0.991351 0.018110 
2458998.429385 0.971399 0.017770 
2458998.430079 0.989143 0.017829 
2458998.430785 1.006825 0.018304 
2458998.431491 0.998182 0.018405 
2458998.432197 0.993390 0.019006 
2458998.432903 0.985418 0.019543 
2458998.433598 0.988428 0.023104 
2458998.439234 1.005229 0.022139 
2458998.442046 0.997439 0.018680 
2458998.443458 1.005860 0.018523 
2458998.446282 0.994410 0.017760 
2458998.446988 1.007115 0.018192 
2458998.447683 0.991335 0.017779 
2458998.448389 0.992802 0.017832 
2458998.449095 0.998001 0.018413 
2458998.449801 1.001286 0.018685 
2458998.450495 1.004444 0.018787 
2458998.451213 1.006186 0.019189 
2458998.452613 1.008003 0.019029 
2458998.453319 0.995755 0.018501 
2458998.454025 0.990238 0.018240 
2458998.454731 1.000643 0.018514 
2458998.455437 1.001504 0.018693 
2458998.456131 1.008331 0.019185 
2458998.456849 0.997387 0.018953 
2458998.457555 0.995532 0.019200 
2458998.458955 1.007202 0.019951 
2458998.460367 0.998764 0.019853 
2458998.461073 1.006832 0.020427 
2458998.461768 0.993076 0.020852 
