Title: HAT-P-23 T100 Light Curve on 2014-09-25
Authors: Basturk et al. (2021)
Table:
================================================================================
Byte-by-byte Description of file: hatp23_20140925_T100.txt
--------------------------------------------------------------------------------
   Bytes Format Units Label    Explanations
--------------------------------------------------------------------------------
   1- 14 F14.6  d       BJD-TDB  Barycentric Dynamical Time in Julian Days
  16- 23 F8.6   ---     Flux     Normalized Flux
  25- 32 F8.6   ---     FluxErr  Error in Normalized Flux Units
--------------------------------------------------------------------------------
Note (1):   Passband: Bessel-R
Note (2):   ***OR REMOVE THIS SECTION***
--------------------------------------------------------------------------------
2456926.234849 1.000459 0.000790 
2456926.236638 1.000569 0.000778 
2456926.238420 0.998808 0.000790 
2456926.240207 1.000034 0.000790 
2456926.242259 1.000447 0.000778 
2456926.244040 0.999297 0.000778 
2456926.245822 1.000483 0.000772 
2456926.247615 1.000015 0.000784 
2456926.249397 1.000626 0.000778 
2456926.251180 0.998629 0.000772 
2456926.252966 1.000722 0.000778 
2456926.254755 0.999890 0.000778 
2456926.256537 0.997072 0.000772 
2456926.258320 0.996282 0.000772 
2456926.260537 0.994840 0.000778 
2456926.262325 0.990539 0.000772 
2456926.264111 0.989611 0.000760 
2456926.265894 0.988067 0.000778 
2456926.267680 0.987819 0.000778 
2456926.269471 0.986720 0.000772 
2456926.271253 0.985576 0.000766 
2456926.274822 0.985838 0.000772 
2456926.276611 0.984842 0.000778 
2456926.278393 0.985287 0.000778 
2456926.281962 0.984683 0.000772 
2456926.283745 0.985044 0.000772 
2456926.285532 0.984243 0.000760 
2456926.287323 0.985381 0.000766 
2456926.289105 0.984086 0.000772 
2456926.290888 0.983670 0.000766 
2456926.292681 0.983516 0.000772 
2456926.294464 0.984151 0.000772 
2456926.296312 0.984067 0.000760 
2456926.298094 0.983491 0.000760 
2456926.299882 0.983612 0.000772 
2456926.301664 0.984682 0.000766 
2456926.303453 0.985042 0.000766 
2456926.305235 0.984691 0.000760 
2456926.307023 0.982037 0.000754 
2456926.308805 0.983856 0.000754 
2456926.310593 0.985306 0.000766 
2456926.312375 0.985394 0.000760 
2456926.314163 0.984286 0.000760 
2456926.315945 0.984162 0.000760 
2456926.317727 0.984128 0.000754 
2456926.319515 0.985458 0.000760 
2456926.321304 0.985812 0.000760 
2456926.323086 0.983992 0.000754 
2456926.324869 0.985274 0.000760 
2456926.326660 0.985785 0.000772 
2456926.328447 0.985211 0.000754 
2456926.330229 0.986986 0.000772 
2456926.332736 0.987709 0.000760 
2456926.334518 0.986888 0.000760 
2456926.336307 0.988580 0.000772 
2456926.338091 0.990232 0.000754 
2456926.339875 0.992155 0.000760 
2456926.341657 0.994272 0.000766 
2456926.343446 0.996871 0.000766 
2456926.345229 0.998875 0.000766 
2456926.347011 0.999686 0.000772 
2456926.348792 1.000728 0.000760 
2456926.350575 0.999722 0.000766 
2456926.352365 0.999190 0.000772 
2456926.354147 1.000146 0.000778 
