Title:
Authors:
Table:
================================================================================
Byte-by-byte Description of file: datafile.txt
--------------------------------------------------------------------------------
   Bytes Format Units Label    Explanations
--------------------------------------------------------------------------------
   1- 14 A14    d       BJD-TDB  Barycentric Dynamical Time in Julian Days
  16- 23 A8     ---     Flux     Normalized Flux
  25- 32 A8     ---     FluxErr  Error in Normalized Flux Units
--------------------------------------------------------------------------------
Note (1):   ***ADD LENGTHY NOTES HERE***
Note (2):   ***OR REMOVE THIS SECTION***
--------------------------------------------------------------------------------
2458621.324558 1.000373 0.003164
2458621.324558 1.000373 0.003164
2458621.326066 1.000642 0.003108
2458621.326066 1.000642 0.003108
2458621.329076 0.998515 0.003062
2458621.329076 0.998515 0.003062
2458621.330585 1.000747 0.003024
2458621.330585 1.000747 0.003024
2458621.332628 1.002071 0.002987
2458621.334123 1.002130 0.002959
2458621.335620 0.996957 0.002978
2458621.337117 0.997876 0.002932
2458621.338614 0.999344 0.002932
2458621.340107 1.001673 0.002932
2458621.341658 0.999725 0.002923
2458621.343210 1.003011 0.002885
2458621.344764 0.998101 0.002914
2458621.346317 1.002229 0.002858
2458621.347871 0.999100 0.002877
2458621.349430 0.997505 0.002820
2458621.350982 1.000102 0.002802
2458621.352534 1.002057 0.002802
2458621.354086 1.000127 0.002793
2458621.357199 0.998047 0.002765
2458621.358753 1.002066 0.002746
2458621.360306 0.999796 0.002746
2458621.361858 1.000272 0.002737
2458621.363411 1.001467 0.002719
2458621.364969 0.998792 0.002700
2458621.366522 0.998987 0.002719
2458621.368075 1.000078 0.002738
2458621.369630 0.998414 0.002747
2458621.371181 1.000335 0.002729
2458621.372740 1.000402 0.002710
2458621.374292 0.995960 0.002701
2458621.375844 0.997550 0.002691
2458621.377396 0.994298 0.002720
2458621.378950 0.993303 0.002701
2458621.380507 0.990956 0.002682
2458621.382059 0.987724 0.002711
2458621.383610 0.983024 0.002683
2458621.385162 0.984226 0.002664
2458621.386713 0.983510 0.002645
2458621.388269 0.982507 0.002655
2458621.389823 0.981738 0.002646
2458621.391377 0.982169 0.002627
2458621.392933 0.980684 0.002636
2458621.394485 0.979037 0.002589
2458621.396043 0.980251 0.002580
2458621.397596 0.981704 0.002552
2458621.399149 0.980496 0.002543
2458621.400700 0.980366 0.002543
2458621.402252 0.978496 0.002543
2458621.403809 0.980126 0.002543
2458621.405361 0.976970 0.002515
2458621.406914 0.977556 0.002505
2458621.408465 0.980147 0.002524
2458621.410019 0.977711 0.002543
2458621.413131 0.979320 0.002515
2458621.414683 0.979682 0.002525
2458621.416237 0.978698 0.002525
2458621.417790 0.978565 0.002515
2458621.419349 0.979239 0.002515
2458621.420901 0.977695 0.002516
2458621.422453 0.977993 0.002487
2458621.424008 0.977423 0.002487
2458621.425560 0.979894 0.002497
2458621.427119 0.978495 0.002450
2458621.428671 0.979922 0.002459
2458621.430222 0.978873 0.002478
2458621.431775 0.979564 0.002441
2458621.433328 0.977792 0.002422
2458621.434885 0.977958 0.002413
2458621.436436 0.981809 0.002413
2458621.437989 0.978874 0.002413
2458621.439541 0.979369 0.002403
2458621.441092 0.983029 0.002384
2458621.442650 0.980865 0.002403
2458621.444201 0.979954 0.002385
2458621.445754 0.982647 0.002356
2458621.447307 0.983571 0.002356
2458621.448858 0.980938 0.002347
2458621.450416 0.982613 0.002347
2458621.451967 0.987612 0.002357
2458621.453518 0.985868 0.002338
2458621.455068 0.990395 0.002319
2458621.456620 0.991324 0.002338
2458621.458173 0.994409 0.002338
2458621.459726 0.993106 0.002347
2458621.461277 0.998339 0.002329
2458621.462830 0.999258 0.002319
2458621.464381 0.999010 0.002338
2458621.465934 0.999204 0.002329
2458621.467485 0.999565 0.002310
2458621.469039 1.000451 0.002329
2458621.470596 1.000604 0.002319
2458621.472150 0.998613 0.002338
2458621.473702 1.001998 0.002319
2458621.475256 1.000177 0.002320
2458621.476808 1.000189 0.002320
2458621.478367 0.998833 0.002320
2458621.479919 1.001262 0.002320
2458621.481471 0.999808 0.002320
2458621.483028 0.998145 0.002301
2458621.484580 1.001193 0.002301
2458621.486139 0.999914 0.002310
2458621.487691 1.001270 0.002310
2458621.489242 0.999065 0.002310
2458621.490796 1.000446 0.002320
2458621.492349 0.999880 0.002320
2458621.493901 1.001645 0.002348
2458621.495453 0.999249 0.002310
2458621.497005 0.999111 0.002320
2458621.498567 1.000524 0.002329
2458621.500119 1.000979 0.002301
2458621.501672 0.998493 0.002292
2458621.503225 1.001486 0.002311
2458621.504777 1.001643 0.002273
2458621.506336 0.997064 0.002245
2458621.507887 1.001556 0.002245
2458621.509440 1.000734 0.002226
2458621.510993 0.998985 0.002198
2458621.512546 1.001257 0.002207
2458621.514104 0.998582 0.002188
2458621.515656 0.999806 0.002198
2458621.517208 1.001036 0.002226
2458621.518762 1.000199 0.002216
2458621.520313 1.000327 0.002207
2458621.521871 0.999579 0.002245
2458621.523425 0.999737 0.002264
2458621.524975 1.000589 0.002301
2458621.528080 1.001385 0.002245
2458621.529640 0.998714 0.002245
2458621.531191 0.999788 0.002235
2458621.532742 1.000365 0.002226
2458621.534295 0.999435 0.002245
2458621.535846 1.002651 0.002254
2458621.537405 0.997281 0.002245
2458621.538957 1.001171 0.002254
