Title: WASP-69 CAHA Light Curve on 2015-09-18
Authors: Basturk et al. (2021)
Table:
================================================================================
Byte-by-byte Description of file: wasp69_20150918_CAHA.txt
--------------------------------------------------------------------------------
   Bytes Format Units Label    Explanations
--------------------------------------------------------------------------------
   1- 14 F14.6  d       BJD-TDB  Barycentric Dynamical Time in Julian Days
  16- 23 F8.6   ---     Flux     Normalized Flux
  25- 32 F8.6   ---     FluxErr  Error in Normalized Flux Units
--------------------------------------------------------------------------------
Note (1):   Passband: Cousins-I
Note (2):   ***OR REMOVE THIS SECTION***
--------------------------------------------------------------------------------
2457284.327558 1.000175 0.000304 
2457284.329019 1.000672 0.000306 
2457284.329883 1.000863 0.000302 
2457284.330748 0.999716 0.000301 
2457284.331613 0.999637 0.000302 
2457284.332478 0.999454 0.000301 
2457284.333344 1.000356 0.000301 
2457284.334208 1.000306 0.000301 
2457284.335073 0.999959 0.000301 
2457284.335938 1.000403 0.000301 
2457284.336802 1.000285 0.000301 
2457284.337667 0.998715 0.000300 
2457284.338532 0.999882 0.000300 
2457284.339397 1.000961 0.000303 
2457284.340261 1.000396 0.000300 
2457284.341991 0.999172 0.000300 
2457284.342856 0.998600 0.000299 
2457284.343721 1.000602 0.000299 
2457284.344586 1.002212 0.000300 
2457284.345450 0.999795 0.000299 
2457284.346315 1.000302 0.000298 
2457284.347180 1.000155 0.000297 
2457284.348044 1.001111 0.000300 
2457284.348910 1.000014 0.000298 
2457284.349775 0.999656 0.000298 
2457284.350639 0.999522 0.000298 
2457284.351504 1.000344 0.000298 
2457284.352369 0.999343 0.000297 
2457284.353233 1.000300 0.000299 
2457284.354098 1.001876 0.000297 
2457284.354963 1.000178 0.000297 
2457284.355828 0.998954 0.000298 
2457284.356692 0.999564 0.000298 
2457284.357557 1.001625 0.000297 
2457284.358422 0.999863 0.000297 
2457284.359287 1.000734 0.000298 
2457284.360151 0.999938 0.000297 
2457284.361016 0.999094 0.000296 
2457284.361881 1.000396 0.000297 
2457284.363611 0.999987 0.000297 
2457284.364476 1.000773 0.000298 
2457284.365341 1.000516 0.000299 
2457284.366205 1.000203 0.000297 
2457284.367070 1.000300 0.000297 
2457284.367935 0.999810 0.000297 
2457284.368800 0.999952 0.000298 
2457284.369664 0.999147 0.000297 
2457284.370529 1.000061 0.000297 
2457284.371394 1.000672 0.000298 
2457284.372259 1.001760 0.000297 
2457284.373123 1.000097 0.000297 
2457284.373988 1.000182 0.000297 
2457284.374853 0.999511 0.000296 
2457284.375718 0.999228 0.000297 
2457284.376582 1.000403 0.000297 
2457284.377447 0.999474 0.000296 
2457284.378312 1.001230 0.000298 
2457284.379177 1.000503 0.000297 
2457284.380042 1.000528 0.000297 
2457284.380907 1.000226 0.000298 
2457284.381771 0.999270 0.000296 
2457284.382636 0.999590 0.000296 
2457284.383501 0.999204 0.000296 
2457284.384366 1.000783 0.000297 
2457284.385230 1.001187 0.000297 
2457284.386095 0.999537 0.000297 
2457284.386960 1.000247 0.000298 
2457284.388711 1.000353 0.000298 
2457284.389576 1.001125 0.000297 
2457284.390441 1.000059 0.000298 
2457284.391306 1.000265 0.000298 
2457284.392170 1.000239 0.000298 
2457284.393035 1.000303 0.000297 
2457284.393900 0.999622 0.000298 
2457284.394765 0.999064 0.000302 
2457284.395629 0.999214 0.000298 
2457284.396494 0.999940 0.000298 
2457284.397359 1.000751 0.000299 
2457284.398223 0.999501 0.000297 
2457284.399088 1.001291 0.000298 
2457284.399953 1.000465 0.000299 
2457284.400818 0.998991 0.000296 
2457284.401682 1.000937 0.000298 
2457284.402547 1.001020 0.000297 
2457284.403412 1.000260 0.000297 
2457284.404277 0.997883 0.000298 
2457284.405141 0.999949 0.000297 
2457284.406006 1.000762 0.000300 
2457284.406871 1.000399 0.000298 
2457284.407736 1.000453 0.000301 
2457284.408600 0.999797 0.000299 
2457284.409465 1.001094 0.000298 
2457284.410330 1.001041 0.000298 
2457284.412059 0.999865 0.000297 
2457284.412924 1.001608 0.000298 
2457284.413789 0.997826 0.000298 
2457284.414653 1.002550 0.000298 
2457284.415518 0.998826 0.000298 
2457284.416384 0.999396 0.000297 
2457284.417249 1.002416 0.000298 
2457284.418113 0.999611 0.000298 
2457284.418978 1.000656 0.000298 
2457284.419821 0.998772 0.000325 
2457284.420570 0.998823 0.000325 
2457284.424111 1.000804 0.000326 
2457284.424860 0.999567 0.000325 
2457284.425609 0.999397 0.000327 
2457284.426358 0.998912 0.000325 
2457284.427107 1.000811 0.000326 
2457284.427856 1.001230 0.000328 
2457284.428605 1.000969 0.000326 
2457284.429354 1.002912 0.000327 
2457284.430103 0.998082 0.000325 
2457284.430852 0.998736 0.000325 
2457284.431601 1.000831 0.000326 
2457284.432350 1.000416 0.000326 
2457284.433099 1.000280 0.000326 
2457284.433848 0.998741 0.000326 
2457284.434597 0.999475 0.000325 
2457284.435346 1.001912 0.000326 
2457284.436095 1.000528 0.000328 
2457284.436844 0.998614 0.000323 
2457284.437593 0.999751 0.000327 
2457284.438342 1.000073 0.000327 
2457284.439091 0.999440 0.000326 
2457284.439840 1.000766 0.000327 
2457284.440589 0.997895 0.000326 
2457284.441338 0.997578 0.000327 
2457284.442087 0.998852 0.000328 
2457284.442836 0.997936 0.000325 
2457284.443585 0.995724 0.000325 
2457284.444334 0.996519 0.000328 
2457284.445084 0.996194 0.000325 
2457284.445833 0.995551 0.000325 
2457284.446582 0.994725 0.000324 
2457284.447331 0.993135 0.000327 
2457284.448080 0.992627 0.000324 
2457284.448829 0.992618 0.000325 
2457284.449578 0.991373 0.000325 
2457284.450327 0.990473 0.000325 
2457284.451076 0.988927 0.000323 
2457284.451825 0.988941 0.000322 
2457284.452574 0.987550 0.000325 
2457284.453323 0.986676 0.000323 
2457284.454072 0.988658 0.000323 
2457284.454821 0.985809 0.000322 
2457284.455570 0.984897 0.000322 
2457284.456319 0.985187 0.000321 
2457284.457068 0.985134 0.000322 
2457284.457817 0.986099 0.000322 
2457284.458567 0.983063 0.000322 
2457284.459317 0.985110 0.000323 
2457284.460066 0.983205 0.000319 
2457284.463811 0.982165 0.000324 
2457284.464560 0.980976 0.000322 
2457284.465309 0.983426 0.000322 
2457284.466058 0.981394 0.000322 
2457284.466807 0.984143 0.000323 
2457284.467556 0.981433 0.000322 
2457284.468305 0.982986 0.000323 
2457284.469054 0.981372 0.000322 
2457284.469803 0.982430 0.000322 
2457284.470552 0.981672 0.000322 
2457284.471301 0.981880 0.000322 
2457284.472051 0.981783 0.000322 
2457284.472800 0.983031 0.000323 
2457284.473549 0.984658 0.000325 
2457284.474298 0.981078 0.000324 
2457284.475047 0.979867 0.000322 
2457284.475796 0.981311 0.000322 
2457284.476545 0.982129 0.000322 
2457284.477294 0.980829 0.000322 
2457284.478043 0.979845 0.000323 
2457284.478792 0.981910 0.000322 
2457284.479541 0.980983 0.000325 
2457284.480290 0.980476 0.000323 
2457284.481039 0.981706 0.000324 
2457284.481788 0.981030 0.000322 
2457284.482537 0.981334 0.000324 
2457284.483286 0.981748 0.000326 
2457284.484035 0.983978 0.000339 
2457284.484784 0.981464 0.000324 
2457284.485533 0.979428 0.000325 
2457284.486283 0.980261 0.000323 
2457284.487032 0.980857 0.000324 
2457284.487781 0.980447 0.000324 
2457284.488530 0.980338 0.000324 
2457284.489279 0.981966 0.000324 
2457284.490028 0.982944 0.000326 
2457284.490777 0.982549 0.000324 
2457284.491526 0.980408 0.000325 
2457284.492275 0.982633 0.000324 
2457284.493024 0.981830 0.000325 
2457284.493773 0.982473 0.000324 
2457284.494522 0.980587 0.000324 
2457284.495271 0.982616 0.000325 
2457284.496020 0.979903 0.000325 
2457284.496769 0.981556 0.000326 
2457284.497517 0.982780 0.000326 
2457284.498267 0.981428 0.000326 
2457284.499017 0.983472 0.000328 
2457284.499766 0.981716 0.000326 
2457284.500515 0.981904 0.000325 
2457284.501264 0.981094 0.000326 
2457284.502014 0.982089 0.000326 
2457284.502763 0.981815 0.000326 
2457284.503512 0.982043 0.000327 
2457284.504261 0.981563 0.000327 
2457284.505010 0.983372 0.000329 
2457284.505759 0.984870 0.000329 
2457284.506508 0.984847 0.000331 
2457284.508006 0.982381 0.000336 
2457284.509504 0.985692 0.000332 
2457284.510253 0.983429 0.000333 
2457284.511002 0.984193 0.000331 
2457284.511751 0.983465 0.000330 
2457284.512500 0.982597 0.000330 
2457284.513250 0.987803 0.000333 
2457284.514070 0.985718 0.000312 
2457284.514877 0.987064 0.000313 
2457284.515684 0.988801 0.000314 
2457284.516491 0.987969 0.000315 
2457284.517298 0.989290 0.000315 
2457284.518105 0.987519 0.000314 
2457284.518911 0.990966 0.000316 
2457284.519719 0.990673 0.000316 
2457284.520592 0.993583 0.000304 
2457284.521457 0.994561 0.000308 
2457284.522321 0.992266 0.000304 
2457284.523186 0.995027 0.000305 
2457284.524051 0.995385 0.000308 
2457284.524916 0.995931 0.000306 
2457284.525780 0.997150 0.000305 
2457284.526645 0.997427 0.000309 
2457284.527510 0.999952 0.000309 
2457284.528375 0.997862 0.000308 
2457284.529239 0.998956 0.000307 
2457284.530104 1.001353 0.000309 
2457284.530969 1.000605 0.000309 
2457284.531834 1.000270 0.000309 
2457284.532699 1.001480 0.000309 
2457284.534429 0.999842 0.000311 
2457284.535294 1.001322 0.000311 
2457284.536159 1.000021 0.000313 
2457284.537024 0.998327 0.000313 
2457284.538827 0.999251 0.000302 
2457284.539750 0.999596 0.000304 
2457284.540672 0.999009 0.000304 
2457284.542517 1.002006 0.000304 
2457284.545285 0.999778 0.000304 
2457284.546209 0.998530 0.000305 
2457284.547132 1.002005 0.000307 
2457284.548977 1.000330 0.000307 
2457284.549900 1.000076 0.000305 
