Title: WASP-69 T100 Light Curve on 2017-08-26
Authors: Basturk et al. (2021)
Table:
================================================================================
Byte-by-byte Description of file: wasp69_20170826_T100.txt
--------------------------------------------------------------------------------
   Bytes Format Units Label    Explanations
--------------------------------------------------------------------------------
   1- 14 F14.6  d       BJD-TDB  Barycentric Dynamical Time in Julian Days
  16- 23 F8.6   ---     Flux     Normalized Flux
  25- 32 F8.6   ---     FluxErr  Error in Normalized Flux Units
--------------------------------------------------------------------------------
Note (1):   Passband: Bessel-I
Note (2):   ***OR REMOVE THIS SECTION***
--------------------------------------------------------------------------------
2457992.272260 1.000778 0.000462 
2457992.274075 0.999624 0.000461 
2457992.275883 0.998487 0.000461 
2457992.277690 1.000855 0.000464 
2457992.279512 0.999659 0.000462 
2457992.281330 1.000576 0.000462 
2457992.283137 0.999477 0.000459 
2457992.284949 1.001338 0.000462 
2457992.286768 1.000159 0.000461 
2457992.288577 0.998860 0.000460 
2457992.290397 0.999338 0.000460 
2457992.292204 1.001538 0.000460 
2457992.294011 0.999410 0.000457 
2457992.295829 1.000702 0.000459 
2457992.297645 1.000147 0.000459 
2457992.299452 1.000453 0.000459 
2457992.301270 1.000621 0.000457 
2457992.303090 0.999803 0.000455 
2457992.304895 0.998319 0.000452 
2457992.306704 1.000303 0.000455 
2457992.310316 0.999711 0.000447 
2457992.312122 0.999259 0.000451 
2457992.313944 0.997628 0.000447 
2457992.315762 0.994000 0.000445 
2457992.317579 0.993411 0.000442 
2457992.319394 0.993187 0.000442 
2457992.321198 0.990318 0.000443 
2457992.323015 0.986721 0.000440 
2457992.324832 0.988153 0.000441 
2457992.326650 0.986338 0.000441 
2457992.328468 0.984245 0.000440 
2457992.330286 0.983663 0.000440 
2457992.332025 0.983623 0.000436 
2457992.333826 0.982872 0.000435 
2457992.335640 0.983850 0.000436 
2457992.337457 0.982860 0.000436 
2457992.339274 0.981978 0.000433 
2457992.341087 0.981924 0.000432 
2457992.342901 0.981790 0.000433 
2457992.344715 0.982180 0.000431 
2457992.346531 0.981502 0.000427 
2457992.348345 0.981915 0.000432 
2457992.350149 0.981978 0.000430 
2457992.351971 0.981027 0.000431 
2457992.353789 0.981741 0.000431 
2457992.355607 0.981101 0.000431 
2457992.357412 0.982589 0.000430 
2457992.359231 0.981809 0.000428 
2457992.361049 0.982135 0.000427 
2457992.362871 0.981677 0.000422 
2457992.364689 0.981457 0.000421 
2457992.366515 0.982022 0.000426 
2457992.368336 0.982569 0.000426 
2457992.370157 0.982490 0.000423 
2457992.371964 0.982692 0.000421 
2457992.373772 0.983397 0.000418 
2457992.375590 0.985529 0.000418 
2457992.377396 0.982625 0.000418 
2457992.379136 0.983645 0.000416 
2457992.380954 0.983856 0.000418 
2457992.382770 0.985526 0.000420 
2457992.384592 0.988317 0.000420 
2457992.386412 0.988429 0.000421 
2457992.388233 0.989779 0.000423 
2457992.390054 0.991994 0.000423 
2457992.391873 0.994251 0.000423 
2457992.393677 0.995768 0.000423 
2457992.395496 0.996529 0.000421 
2457992.397313 0.998982 0.000422 
2457992.399146 1.001179 0.000423 
2457992.400964 1.000838 0.000422 
2457992.402782 0.999378 0.000417 
2457992.404591 1.000057 0.000417 
2457992.406414 0.999164 0.000419 
2457992.408223 1.000047 0.000418 
2457992.410042 1.001456 0.000418 
2457992.411862 0.999053 0.000416 
2457992.413679 0.999794 0.000416 
2457992.415486 0.999547 0.000416 
2457992.417305 0.999422 0.000412 
2457992.419124 0.999896 0.000413 
2457992.420944 1.001412 0.000416 
2457992.422750 1.000402 0.000414 
2457992.424567 0.998938 0.000414 
2457992.426377 1.000138 0.000414 
2457992.428196 1.001179 0.000414 
2457992.430016 0.998897 0.000413 
2457992.431835 1.001171 0.000416 
2457992.433644 1.000477 0.000414 
2457992.435452 1.000046 0.000416 
2457992.437258 0.999380 0.000417 
2457992.442714 1.000891 0.000421 
2457992.444525 0.998864 0.000419 
2457992.446344 0.999636 0.000422 
2457992.448161 1.000573 0.000419 
2457992.449980 1.001345 0.000422 
2457992.451787 0.999230 0.000423 
2457992.453704 0.999107 0.000424 
2457992.455522 0.999447 0.000424 
2457992.457338 1.000282 0.000424 
2457992.459147 1.000264 0.000431 
2457992.460967 1.000593 0.000431 
2457992.462785 1.000540 0.000435 
