Title: WASP-14 ATA50 Light Curve on 2020-05-14
Authors: Basturk et al. (2021)
Table:
================================================================================
Byte-by-byte Description of file: wasp14_20200514_ATA50.txt
--------------------------------------------------------------------------------
   Bytes Format Units Label    Explanations
--------------------------------------------------------------------------------
   1- 14 F14.6  d       BJD-TDB  Barycentric Dynamical Time in Julian Days
  16- 23 F8.6   ---     Flux     Normalized Flux
  25- 32 F8.6   ---     FluxErr  Error in Normalized Flux Units
--------------------------------------------------------------------------------
Note (1):   Passband: Johnson-R
Note (2):   ***OR REMOVE THIS SECTION***
--------------------------------------------------------------------------------
2458980.230720 0.993112 0.003663 
2458980.231056 0.991265 0.003643 
2458980.231704 0.994396 0.003616 
2458980.233336 0.994197 0.003488 
2458980.233671 0.989630 0.003441 
2458980.233996 0.992605 0.003430 
2458980.234320 0.986287 0.003405 
2458980.234644 0.994432 0.003390 
2458980.235303 0.992787 0.003390 
2458980.235627 0.988647 0.003354 
2458980.235952 0.992514 0.003360 
2458980.236287 0.994135 0.003354 
2458980.236611 0.989735 0.003364 
2458980.237259 0.993189 0.003348 
2458980.237919 0.993414 0.003310 
2458980.238243 0.989929 0.003275 
2458980.238567 0.995570 0.003276 
2458980.239227 0.992458 0.003276 
2458980.239551 0.987283 0.003261 
2458980.239875 0.985262 0.003314 
2458980.240199 0.992772 0.003248 
2458980.240535 0.993762 0.003274 
2458980.240859 0.986380 0.003213 
2458980.241183 0.987711 0.003218 
2458980.241507 0.988297 0.003215 
2458980.241843 0.988629 0.003222 
2458980.242815 0.990390 0.003189 
2458980.243150 0.988005 0.003187 
2458980.243474 0.989439 0.003197 
2458980.243799 0.991793 0.003212 
2458980.244123 0.989027 0.003205 
2458980.244458 0.989761 0.003176 
2458980.244782 0.991453 0.003189 
2458980.245106 0.988911 0.003189 
2458980.245430 0.986659 0.003158 
2458980.245766 0.993547 0.003193 
2458980.246414 0.988041 0.003191 
2458980.247074 0.988344 0.003168 
2458980.247398 0.991265 0.003186 
2458980.247722 0.985408 0.003144 
2458980.248046 0.994301 0.003176 
2458980.248382 0.985589 0.003154 
2458980.248706 0.985809 0.003372 
2458980.249030 0.987222 0.003228 
2458980.249354 0.991201 0.003323 
2458980.250014 0.990644 0.003160 
2458980.250338 0.992860 0.003161 
2458980.250662 0.987153 0.003317 
2458980.250986 0.992748 0.003298 
2458980.256425 0.990505 0.003437 
2458980.256750 0.989405 0.003437 
2458980.257085 0.990312 0.003439 
2458980.257409 0.986734 0.003423 
2458980.257733 0.989994 0.003433 
2458980.258057 0.988489 0.003424 
2458980.258717 0.990526 0.003110 
2458980.259041 0.993928 0.003116 
2458980.259365 0.990277 0.003119 
2458980.259689 0.991462 0.003092 
2458980.260013 0.988328 0.003085 
2458980.260349 0.987364 0.003080 
2458980.260673 0.992152 0.003103 
2458980.260997 0.985441 0.003054 
2458980.261321 0.990040 0.003067 
2458980.261645 0.989804 0.003058 
2458980.261981 0.988439 0.003070 
2458980.262305 0.993231 0.003072 
2458980.262953 0.985139 0.003057 
2458980.263289 0.985647 0.003059 
2458980.263613 0.988785 0.003067 
2458980.263937 0.990666 0.003043 
2458980.264261 0.992267 0.003059 
2458980.264596 0.991277 0.003050 
2458980.264921 0.990963 0.003051 
2458980.265245 0.984643 0.003030 
2458980.265569 0.990536 0.003049 
2458980.265893 0.993032 0.003046 
2458980.266228 0.987881 0.003027 
2458980.266552 0.986483 0.003027 
2458980.266877 0.989750 0.003033 
2458980.267201 0.987977 0.003027 
2458980.267525 0.986765 0.003015 
2458980.267860 0.985429 0.003045 
2458980.268508 0.990015 0.003043 
2458980.268832 0.994447 0.003055 
2458980.269157 0.987427 0.003027 
2458980.269492 0.989796 0.003024 
2458980.269816 0.986620 0.002998 
2458980.270140 0.989073 0.002998 
2458980.270464 0.994578 0.003033 
2458980.270788 0.989038 0.003028 
2458980.271772 0.990730 0.003003 
2458980.272096 0.985153 0.002999 
2458980.272420 0.985110 0.002985 
2458980.272756 0.992213 0.003004 
2458980.273080 0.987245 0.002999 
2458980.273728 0.993455 0.003008 
2458980.274052 0.989707 0.002997 
2458980.274388 0.988645 0.002986 
2458980.274712 0.989318 0.003002 
2458980.275036 0.985118 0.002967 
2458980.275360 0.987477 0.002976 
2458980.275684 0.988037 0.002982 
2458980.276020 0.987352 0.002977 
2458980.276344 0.993923 0.003005 
2458980.276668 0.990028 0.002998 
2458980.276992 0.986548 0.002964 
2458980.277316 0.988742 0.002971 
2458980.277652 0.984344 0.002949 
2458980.277976 0.986554 0.002960 
2458980.278624 0.989320 0.002988 
2458980.278948 0.989874 0.002965 
2458980.279284 0.989006 0.002958 
2458980.279608 0.989138 0.002970 
2458980.279932 0.989701 0.002963 
2458980.280256 0.993145 0.002989 
2458980.280580 0.992799 0.002972 
2458980.280915 0.983406 0.002948 
2458980.281240 0.991509 0.002959 
2458980.281564 0.987119 0.002946 
2458980.281888 0.992314 0.002966 
2458980.282212 0.987296 0.002934 
2458980.282212 0.987296 0.002934 
2458980.282547 0.988453 0.002964 
2458980.282547 0.988453 0.002964 
2458980.282871 0.989963 0.002952 
2458980.282871 0.989963 0.002952 
2458980.283195 0.986375 0.002934 
2458980.283195 0.986375 0.002934 
2458980.283844 0.992588 0.002944 
2458980.283844 0.992588 0.002944 
2458980.284179 0.991909 0.002948 
2458980.284179 0.991909 0.002948 
2458980.284503 0.987192 0.002946 
2458980.288242 0.989389 0.002938 
2458980.288566 0.987982 0.002945 
2458980.288901 0.989646 0.002940 
2458980.289225 0.991128 0.002944 
2458980.289549 0.988002 0.002928 
2458980.294098 0.991676 0.003568 
2458980.294422 0.993391 0.003564 
2458980.294758 0.987266 0.003525 
2458980.295082 0.988799 0.003555 
2458980.295406 0.986476 0.003546 
2458980.295730 0.985881 0.003547 
2458980.296054 0.989260 0.003556 
2458980.296390 0.993047 0.003571 
2458980.296714 0.992632 0.003570 
2458980.297038 0.989207 0.003541 
2458980.297362 0.994502 0.003571 
2458980.297697 0.988155 0.003530 
2458980.298021 0.985362 0.003523 
2458980.298345 0.986880 0.003519 
2458980.298670 0.987914 0.003535 
2458980.299005 0.988972 0.003531 
2458980.299329 0.986971 0.003347 
2458980.299653 0.986961 0.002896 
2458980.299977 0.989082 0.002894 
2458980.300313 0.989305 0.002898 
2458980.300637 0.985605 0.002896 
2458980.300961 0.991423 0.002903 
2458980.301285 0.993054 0.002908 
2458980.301609 0.986871 0.002883 
2458980.301945 0.985513 0.002893 
2458980.302269 0.992729 0.002913 
2458980.302593 0.988895 0.002904 
2458980.302917 0.989223 0.002893 
2458980.303241 0.988242 0.002898 
2458980.303577 0.991258 0.002915 
2458980.303901 0.990480 0.002897 
2458980.304225 0.993253 0.002904 
2458980.304549 0.989959 0.002904 
2458980.304885 0.994040 0.002920 
2458980.305209 0.990733 0.002911 
2458980.306192 0.989889 0.002889 
2458980.306517 0.989656 0.002888 
2458980.306841 0.989091 0.002903 
2458980.307165 0.987929 0.002875 
2458980.307489 0.989164 0.002870 
2458980.307824 0.991428 0.002881 
2458980.308148 0.990325 0.002880 
2458980.308472 0.988539 0.002882 
2458980.308797 0.988244 0.002879 
2458980.309132 0.987251 0.002866 
2458980.309456 0.990833 0.002875 
2458980.309780 0.993101 0.002890 
2458980.310104 0.989816 0.002887 
2458980.310440 0.991818 0.002876 
2458980.310764 0.989959 0.002891 
2458980.311088 0.996520 0.002898 
2458980.311412 0.990185 0.002882 
2458980.311736 0.993402 0.002882 
2458980.312072 0.987463 0.002866 
2458980.312396 0.989303 0.002880 
2458980.312720 0.987778 0.002840 
2458980.313044 0.986053 0.002849 
2458980.313368 0.994875 0.002872 
2458980.313704 0.986943 0.002837 
2458980.314028 0.985958 0.002844 
2458980.314352 0.988798 0.002855 
2458980.314676 0.986743 0.002845 
2458980.315012 0.990993 0.002853 
2458980.315336 0.989478 0.002841 
2458980.315660 0.993561 0.002876 
2458980.315984 0.989280 0.002847 
2458980.316308 0.991136 0.002856 
2458980.316644 0.995297 0.002863 
2458980.316968 0.992843 0.002870 
2458980.317292 0.989458 0.002860 
2458980.317616 0.987105 0.002838 
2458980.317940 0.990290 0.002835 
2458980.318275 0.991209 0.002865 
2458980.318599 0.993865 0.002874 
2458980.318924 0.994355 0.002869 
2458980.319248 0.986582 0.002849 
2458980.319572 0.996203 0.002883 
2458980.319907 0.990892 0.002851 
2458980.320231 0.993560 0.002859 
2458980.320555 0.990458 0.002854 
2458980.322210 0.988672 0.002854 
2458980.322535 0.992727 0.002847 
2458980.322870 0.987046 0.002831 
2458980.323194 0.994153 0.002843 
2458980.323518 0.990088 0.002833 
2458980.323842 0.986625 0.002828 
2458980.324166 0.990697 0.002851 
2458980.324502 0.997990 0.002868 
2458980.325150 0.994085 0.002862 
2458980.325474 0.990300 0.002856 
2458980.326609 0.995390 0.002864 
2458980.329490 0.993097 0.003459 
2458980.329814 0.995969 0.003466 
2458980.330150 0.991256 0.003445 
2458980.330474 0.993351 0.003427 
2458980.330798 0.992652 0.003423 
2458980.331122 0.995771 0.003432 
2458980.331446 0.997227 0.003420 
2458980.331782 0.997894 0.003141 
2458980.332106 0.993779 0.002857 
2458980.332430 0.999787 0.002837 
2458980.332754 0.994659 0.002843 
2458980.333090 0.998127 0.002852 
2458980.333414 0.994997 0.002826 
2458980.333738 0.996746 0.002835 
2458980.334062 0.991275 0.002816 
2458980.334386 1.001859 0.002857 
2458980.334722 0.999606 0.002871 
2458980.335046 0.997197 0.002871 
2458980.335370 0.993622 0.002906 
2458980.335694 1.000181 0.002854 
2458980.336018 0.996631 0.002830 
2458980.336354 1.001301 0.002845 
2458980.336678 0.995647 0.002842 
2458980.337002 0.995759 0.002834 
2458980.337326 0.999283 0.002828 
2458980.337650 1.000689 0.002868 
2458980.337985 0.997486 0.002843 
2458980.338310 0.998781 0.002848 
2458980.338634 0.997789 0.002831 
2458980.338958 1.002082 0.002865 
2458980.339282 1.000551 0.002849 
2458980.339617 0.995782 0.002833 
2458980.339941 1.001264 0.002861 
2458980.340265 1.001882 0.002859 
2458980.340590 1.001308 0.002852 
2458980.340914 0.996506 0.002839 
2458980.341249 0.996672 0.002848 
2458980.341573 0.998563 0.002843 
2458980.341897 1.002828 0.002859 
2458980.342221 1.004617 0.002872 
2458980.342557 1.001420 0.002862 
2458980.342881 0.998583 0.002847 
2458980.343205 0.996674 0.002840 
2458980.343529 1.001203 0.002849 
2458980.343853 1.000032 0.002864 
2458980.344189 1.000771 0.002843 
2458980.344513 1.002278 0.002853 
2458980.344837 1.000936 0.002858 
2458980.345173 1.002384 0.002839 
2458980.345497 0.999360 0.002856 
2458980.345821 1.001359 0.002854 
2458980.346145 0.998582 0.002858 
2458980.346469 1.001565 0.002863 
2458980.346805 1.000243 0.002850 
2458980.347129 0.999336 0.002858 
2458980.347453 0.997071 0.002848 
2458980.347777 0.996532 0.002871 
2458980.348112 0.998809 0.002861 
2458980.348761 0.996854 0.002841 
2458980.349085 1.001122 0.002854 
2458980.349420 1.000603 0.002857 
2458980.353865 1.001250 0.002863 
2458980.354524 0.999125 0.002853 
2458980.354848 1.004189 0.002864 
2458980.355172 1.004523 0.002868 
2458980.355832 0.998500 0.002835 
2458980.356156 0.996288 0.002843 
2458980.356480 0.998804 0.002850 
2458980.356816 1.002467 0.002869 
2458980.357140 1.001311 0.002839 
2458980.357464 0.999397 0.002835 
2458980.358124 1.001539 0.002844 
2458980.358448 1.001032 0.002841 
2458980.358772 0.998418 0.002845 
2458980.359096 1.000549 0.002850 
2458980.359432 0.997555 0.002831 
2458980.359756 0.997222 0.002829 
